session_id,timestamp,user_message,bot_message,user_length,bot_length,user_words,bot_words,reference_answer,retrieval_score,source_file,bleu_score,rouge_l_score,levenshtein_similarity,bert_score_f1
4,2025-11-06 09:55:49.529249,ขอตารางเเนะนำโปรโมชั่นเน้ตบ้านหน่อย,"ขออภัยครับ จากข้อมูลที่ค้นหาได้ในตอนนี้ เป็นรายละเอียดเกี่ยวกับเงื่อนไขหลักและระยะเวลาของโปรโมชั่นต่างๆ มากกว่าจะเป็นตารางที่ระบุชื่อโปรโมชั่น ความเร็ว และราคาที่ชัดเจนครับ

ข้อมูลที่มีอยู่ส่วนใหญ่จะกล่าวถึง:
*   **เงื่อนไขหลัก New NT SHE Plus Series:**
    *   ระยะเวลาส่งเสริมการขาย: 15 มีนาคม 2568 ถึง 15 กันยายน 2568
    *   ราคาที่แสดงยังไม่รวมภาษีมูลค่าเพิ่ม (VAT)
    *   แพ็กเกจมีระยะสัญญา 12 รอบบิล
    *   แพ็กเกจระยะสัญญา 24 หรือ 36 รอบบิล จะได้รับสิทธิ์ยืมฟรี Mesh WiFi Router
    *   รายละเอียดอัตราค่าบริการ IP Phone และซิม my by NT (ค่าโทร/SMS ส่วนเกิน)
    *   เงื่อนไขการคืนอุปกรณ์เมื่อยกเลิกบริการ

*   **อีกรายการส่งเสริมการขาย:**
    *   ระยะเวลาส่งเสริมการขาย: 1 กรกฎาคม 2568 ถึง 31 ธันวาคม 2568
    *   ราคาที่แสดงยังไม่รวมภาษีมูลค่าเพิ่ม (VAT)
    *   ระยะสัญญา 12 หรือ 24 รอบบิล
    *   รายละเอียดแพ็กเกจหลักของซิม my 700 MHz ""my Super คุ้ม"" และบริการ IP Phone

เนื่องจากข้อมูลที่ได้มาไม่ได้จัดรูปแบบเป็นตารางชื่อโปรโมชั่น ความเร็ว และราคาโดยตรง ผมจึงยังไม่สามารถสร้างตารางแนะนำได้ในตอนนี้ครับ

หากคุณมีชื่อโปรโมชั่นเน็ตบ้านของ NT ที่สนใจเป็นพิเศษ หรืออยากให้ผมค้นหาโปรโมชั่นสำหรับ ""ลูกค้าใหม่"" หรือ ""โปรโมชั่นล่าสุด"" โดยเฉพาะ แจ้งให้ผมทราบได้เลยนะครับ ผมยินดีจะหาข้อมูลเพิ่มเติมให้ครับ",35,1210,1,97,6. ลูกค้า NT Mobile ระบบเติมเงินใช้บริการชุด Topping อยู่แล้ว สามารถสมัครใช้ ชุด Big Mouth Topping เพิ่มได้ 7. อัตราค่าบริการรวมภาษีมูลค่าเพิ่ม nan nan nan,0.1870367522575462,[เน็ตมือถือ] โปรเสริม Big Mouth Topping.xlsx,0.0014758140748286537,0.04166666666666667,0.07024793388429751,0.6623603105545044
8,2025-11-06 10:52:40.400245,แนะนำแพ็กเกจอินเทอร์เน็ตหน่อย,"ผมยินดีช่วยแนะนำครับ! ไม่ทราบว่าคุณสนใจเป็น:
🏠 เน็ตบ้าน/ไฟเบอร์ (สำหรับใช้ที่บ้านหรือออฟฟิศ) หรือ
📱 เน็ตมือถือ (สำหรับสมาร์ทโฟน) ครับ?",29,134,1,10,อินเทอร์เน็ต 6 GB,0.3879295428869513,[เน็ตมือถือ] TOTMOBILE START UP (โปรโมชั่นรายเดือน).xlsx,0.0,0.0,0.08955223880597019,0.6265770792961121
8,2025-11-06 10:52:52.564762,เน็ตบ้าน,"NT มีแพ็กเกจอินเทอร์เน็ตบ้าน/ไฟเบอร์ให้เลือกหลากหลายครับ ผมขอแนะนำโปรโมชั่นที่น่าสนใจดังนี้ครับ

**โปรโมชั่นเด่น: NT Mesh Gigabit Fiber V.2 ""เน็ตแรงบ้านฉัน ชัดทั่วทั้งบ้าน""**

สำหรับลูกค้าที่ต้องการความเร็วสูงในราคาที่คุ้มค่า:
*   **ความเร็ว:** 1 Gbps (1000 Mbps)
*   **ราคาเริ่มต้น:** **590 บาท/เดือน**
*   **รายละเอียดเพิ่มเติม:** สมัครวันนี้รับสิทธิ์ **WiFi6 Router หรือ Mesh WiFi6 Router ฟรี!**

นอกจากนี้ NT ยังมีแพ็กเกจอินเทอร์เน็ตบ้านที่มีบริการเสริมอื่นๆ เพื่อตอบสนองความต้องการที่หลากหลายของคุณ:

| ความเร็ว (DL/UL) | ราคา (24 เดือน/ต่อเดือน) | ราคา (36 เดือน/ต่อเดือน) | บริการเสริมในแพ็กเกจ (เลือกได้ 1 รายการ) |
| :--- | :--- | :--- | :--- |
| **1000/500 Mbps** | 3090 บาท | 2890 บาท | ไม่มีบริการเสริม |
| **1000/500 Mbps** | 3590 บาท | 3390 บาท | 1. IP Phone 1 เลขหมาย + ซิม my 700 MHz 1 ซิม หรือ<br>2. IP Phone 2 เลขหมาย หรือ<br>3. ซิม my 700 MHz 2 ซิม |
| **1000/1000 Mbps** | 3590 บาท | 3390 บาท | ไม่มีบริการเสริม |
| **1000/1000 Mbps** | 3990 บาท | 3790 บาท | 1. IP Phone 1 เลขหมาย + ซิม my 700 MHz 1 ซิม หรือ<br>2. IP Phone 2 เลขหมาย หรือ<br>3. ซิม my 700 MHz 2 ซิม |

**บริการเสริมและสิทธิพิเศษเพิ่มเติมสำหรับแพ็กเกจข้างต้น:**
*   **IP Phone:** โทรเบอร์บ้าน NT ทั่วไทย ฟรี 24 ชั่วโมง
*   **ซิม my 700 MHz:**
    *   อินเทอร์เน็ต 15 Mbps จำกัด 20 GB (หลังจากนั้น FUP 384 Kbps)
    *   โทรนอกโครงข่าย และมือถือทุกค่าย ฟรี 1,200 บาท/เลขหมาย/รอบบิล
*   **Mesh WiFi6 Router:** รับสิทธิ์ยืมฟรี 2 ตัว (สำหรับบางแพ็กเกจ)
*   **ทีมดูแลการใช้งาน:** แก้ปัญหาเบื้องต้นภายใน 12 ชั่วโมง ตลอดอายุการใช้งาน

หากคุณสนใจแพ็กเกจไหนเป็นพิเศษ หรือต้องการข้อมูลเพิ่มเติม สามารถสอบถามได้เลยครับ",8,1592,1,205,• IP Phone โทรเบอร์บ้าน NT ทั่วไทย ฟรี 24 ชั่วโมง nan nan nan nan nan,0.1826073839969481,[เน็ตบ้าน] New NT SME Plus Fixed IP.xlsx,0.015333363006626854,0.07207207207207207,0.033291457286432125,0.6067359447479248
9,2025-11-24 04:59:55.981151,โปรโมชั่นล่าสุดมีอะไรบ้าง,"ผมยินดีช่วยแนะนำครับ! ไม่ทราบว่าคุณสนใจเป็น:
🏠 เน็ตบ้าน/ไฟเบอร์ (สำหรับใช้ที่บ้านหรือออฟฟิศ) หรือ
📱 เน็ตมือถือ (สำหรับสมาร์ทโฟน) ครับ?",25,134,1,10,โปรโมชั่น ค่าบริการ (บาท/เดือน) Internet (GB) FUP (Mbps) เพิ่มเติม,0.2941525741746252,[เน็ตมือถือ] NT Corporate Ultra Net (โปรโมชั่นรายเดือน).xlsx,0.01626739260030573,0.0,0.13432835820895528,0.6353970766067505
9,2025-11-24 05:00:18.267329,เเนะนำโปรเน็ตบ้านหน่อย,"NT มีโปรโมชั่น **NT Mesh Gigabit Fiber V.2** สำหรับเน็ตบ้านที่น่าสนใจครับ!

โปรโมชั่นนี้มีทั้งแพ็กเกจ Basic สัญญา 12 เดือน และแพ็กเกจ Premium สัญญา 24 เดือน โดยมีรายละเอียดดังนี้ครับ (สมัครได้ตั้งแต่วันนี้ – 30 พ.ย. 68)

### **NT Mesh Gigabit Fiber V.2 (แพ็กเกจ Basic สัญญา 12 เดือน)**

| ชื่อโปรโมชั่น | ความเร็ว (DL/UL) | ราคา (ต่อเดือน) | รายละเอียดเพิ่มเติม |
| :--- | :--- | :--- | :--- |
| NT Mesh Gigabit Fiber V.2 | 1000/300 Mbps | 590 บาท | รับสิทธิ์ยืมฟรี WiFi6 Router 2 ตัว |
| NT Mesh Gigabit Fiber V.2 | 1000/500 Mbps | 690 บาท | เลือกรับ IP Phone หรือ NT NET PLAY |
| NT Mesh Gigabit Fiber V.2 | 1000/1000 Mbps | 790 บาท | เลือกรับ IP Phone หรือ NT NET PLAY |

**รายละเอียดเพิ่มเติมสำหรับแพ็กเกจ Basic:**
*   **สำหรับความเร็ว 1000/500 Mbps และ 1000/1000 Mbps:**
    *   **IP Phone:** รับ 1 เลขหมาย, โทรประจำที่โครงข่าย NT ทั่วไทยฟรี 24 ชั่วโมง, โทรนอกโครงข่ายและมือถือทุกโครงข่ายฟรี 420 บาท/เดือน (สำหรับ 1000/500 Mbps) หรือ 700 บาท/เดือน (สำหรับ 1000/1000 Mbps)
    *   **NT NET PLAY:** เลือกรับกล่อง IPTV หรือ C nema

### **NT Mesh Gigabit Fiber V.2 (แพ็กเกจ Premium สัญญา 24 เดือน)**

| ชื่อโปรโมชั่น | ความเร็ว (DL/UL) | ราคา (ต่อเดือน) | รายละเอียดเพิ่มเติม |
| :--- | :--- | :--- | :--- |
| NT Mesh Gigabit Fiber V.2 | 1000/300 Mbps | 890 บาท | รับสิทธิ์ยืมฟรี Mesh WiFi6 Router 2 ตัว |
| NT Mesh Gigabit Fiber V.2 | 1000/500 Mbps | 990 บาท | เลือกรับ IP Phone หรือ NT NET PLAY |
| NT Mesh Gigabit Fiber V.2 | 1000/1000 Mbps | 1090 บาท | เลือกรับ IP Phone หรือ NT NET PLAY |

**รายละเอียดเพิ่มเติมสำหรับแพ็กเกจ Premium:**
*   **สำหรับความเร็ว 1000/500 Mbps และ 1000/1000 Mbps:**
    *   **IP Phone:** รับ 1 เลขหมาย, โทรประจำที่โครงข่าย NT ทั่วไทยฟรี 24 ชั่วโมง, โทรนอกโครงข่ายและมือถือทุกโครงข่ายฟรี 700 บาท/เดือน
    *   **NT NET PLAY:** เลือกรับกล่อง IPTV หรือ C nema

*เงื่อนไขเป็นไปตามที่บริษัทกำหนด*

โปรโมชั่นนี้มอบความเร็วสูงถึง 1 Gbps พร้อมอุปกรณ์ WiFi6 Router หรือ Mesh WiFi6 Router และยังสามารถเลือกบริการเสริม NT NET PLAY หรือ IP Phone ได้อีกด้วยครับ",22,1981,1,301,"รายละเอียดเงื่อนไขหลัก New NT SHE Plus Series
•รายการส่งเสริมการขายนี้สําหรับพื้นที่ที่มีความพร้อมให้บริการ 
• ระยะเวลาส่งเสริมการขายวันที่ 15 มี.ค. 68 ถึง 15 ก.ย. 68 
• อัตราค่าบริการดังกล่าวยังไม่รวมภาษีมูลค่าเพิ่ม (VAT) 
• แพ็กเกจระยะสัญญาใช้บริการ 12 รอบบิล 
• แพ็กเกจระยะสัญญาใช้บริการ 24 รอบบิล / 36 รอบบิล รับสิทธิ์ยืมฟรี Mesh WiFi Router 
• บริการ IP Phone อัตราค่าบริการที่อยู่ในสิทธิ์ และเกินสิทธิ์พิเศษ โทร Fixed Line/ IP Phone นอกโครงข่าย NT โทรท้องถิ่น 0.50 – 1 บาท/ครั้ง โทรทางไกล 0.50 – 1 บาท/นาที | โทรไปมือถือทุกโครงข่าย 0.50 – 1 บาท/นาที 
• ซิม my by NT ค่าบริการส่วนเกินคิดค่าโทร 0.50 บาท/นาที ค่า SMS 2 บาท/ข้อความ (สูงสุด 70 ตัวอักษร) 
• กรณียกเลิกบริการต้องนําอุปกรณ์ที่ได้รับสิทธิ์ยืมใช้งานมาคืนในสภาพ สมบูรณ์ตามสภาพ หากอุปกรณ์ สูญหาย ชำระค่าเสียหายตามอัตราที่ บมจ.โทร nan nan nan nan nan",0.0719996753052598,[เน็ตบ้าน] New NT SME Plus Series.xlsx,0.0024901894746612954,0.12612612612612614,0.14639071176173646,0.7064601182937622
9,2025-11-24 05:01:19.801867,สำหรับแพ็กเกจ 1000/500 Mbps หรือ 1000/1000 Mbps จะได้รับเราเตอร์แบบไหนครับ/คะ และมีค่าใช้จ่ายเพิ่มเติมไหม?,"สำหรับแพ็กเกจ **NT Mesh Gigabit Fiber V.2** ทั้ง 1000/500 Mbps และ 1000/1000 Mbps คุณจะได้รับ **WiFi6 Router หรือ Mesh WiFi6 Router** ครับ

*   **ค่าใช้จ่ายเพิ่มเติม:** จะไม่มีค่าใช้จ่ายเพิ่มเติมสำหรับเราเตอร์ครับ เนื่องจากเป็นสิทธิ์ **""ยืมฟรี""** ตามเงื่อนไขของโปรโมชั่นครับ

โปรโมชั่นระบุว่า ""สมัครวันนี้ รับสิทธิ์ยืมฟรี WiFi6 Router หรือ Mesh WiFi6 Router"" ซึ่งหมายความว่าคุณจะได้รับอุปกรณ์เราเตอร์ที่ทันสมัยสำหรับการใช้งานโดยไม่มีค่าใช้จ่ายเพิ่มเติมครับ",106,456,8,36,1000/500 Mbps 1000/1000 Mbps บริการเสริมในแพ็กเกจ (เลือกได้ 1 รายการ) nan nan nan,0.5169669461442654,[เน็ตบ้าน] New NT SME Plus Fixed IP.xlsx,0.009584460320418755,0.37499999999999994,0.11622807017543857,0.6685466766357422
14,2026-01-12 11:34:52.878743,แนะนำแพ็กเกจอินเทอร์เน็ตหน่อย,"ผมยินดีช่วยแนะนำครับ! ไม่ทราบว่าคุณสนใจเป็น:
🏠 เน็ตบ้าน/ไฟเบอร์ (สำหรับใช้ที่บ้านหรือออฟฟิศ) หรือ
📱 เน็ตมือถือ (สำหรับสมาร์ทโฟน) ครับ?",29,134,1,10,อินเทอร์เน็ต 6 GB,0.3879295428869513,[เน็ตมือถือ] TOTMOBILE START UP (โปรโมชั่นรายเดือน).xlsx,0.0,0.0,0.08955223880597019,0.6265770792961121
14,2026-01-12 11:35:02.668726,เน็ตบ้าน,"NT มีแพ็กเกจอินเทอร์เน็ตบ้าน **NT Mesh Gigabit Fiber V.2** ที่น่าสนใจดังนี้ครับ

**โปรโมชั่นหลัก:**

| ชื่อโปรโมชั่น | ความเร็ว (DL/UL) | ราคา (ต่อเดือน) | รายละเอียดเพิ่มเติม |
| :--- | :--- | :--- | :--- |
| **NT Mesh Gigabit Fiber V.2** | 1 Gbps | **เริ่มต้น 590 บาท** | สมัครวันนี้ รับสิทธิ์ยืม **WiFi6 Router หรือ Mesh WiFi6 Router ฟรี!** |

---

**แพ็กเกจ NT Mesh Gigabit Fiber V.2 แบบมี/ไม่มีบริการเสริม (สำหรับ 24 และ 36 รอบบิล):**

| ชื่อโปรโมชั่น | ความเร็ว (DL/UL) | ราคา (ต่อเดือน) | ระยะเวลาสัญญา | รายละเอียดเพิ่มเติม |
| :--- | :--- | :--- | :--- | :--- |
| **NT Mesh Gigabit Fiber V.2 (ไม่มีบริการเสริม)** | 1000/500 Mbps | **3090 บาท** | 24 รอบบิล | - |
| **NT Mesh Gigabit Fiber V.2 (ไม่มีบริการเสริม)** | 1000/500 Mbps | **2890 บาท** | 36 รอบบิล | - |
| **NT Mesh Gigabit Fiber V.2 (ไม่มีบริการเสริม)** | 1000/1000 Mbps | **3590 บาท** | 24 รอบบิล | - |
| **NT Mesh Gigabit Fiber V.2 (ไม่มีบริการเสริม)** | 1000/1000 Mbps | **3390 บาท** | 36 รอบบิล | - |
| **NT Mesh Gigabit Fiber V.2 (พร้อมบริการเสริม)** | 1000/500 Mbps | **3590 บาท** | 24 รอบบิล | **เลือกได้ 1 อย่าง:** <br> - IP Phone 1 เลขหมาย + ซิม my 700 MHz 1 ซิม <br> - IP Phone 2 เลขหมาย <br> - ซิม my 700 MHz 2 ซิม <br><br> **สิทธิ์ฟรีในแพ็ก:** <br> - IP Phone โทรเบอร์บ้าน NT ทั่วไทย ฟรี 24 ชม. <br> - โทรนอกโครงข่ายและมือถือทุกค่าย ฟรี 1,200 บ./เลขหมาย/รอบบิล <br> - ซิม my 700 MHz อินเทอร์เน็ต 15 Mbps (FUP 384 Kbps) 20 GB <br> - ทีมดูแลการใช้งานแก้ปัญหาเบื้องต้นภายใน 12 ชม. ตลอดอายุการใช้งาน <br> - รับสิทธิ์ยืม **Mesh WiFi6 Router 2 ตัว ฟรี!** |
| **NT Mesh Gigabit Fiber V.2 (พร้อมบริการเสริม)** | 1000/500 Mbps | **3390 บาท** | 36 รอบบิล | **เลือกได้ 1 อย่าง:** <br> - IP Phone 1 เลขหมาย + ซิม my 700 MHz 1 ซิม <br> - IP Phone 2 เลขหมาย <br> - ซิม my 700 MHz 2 ซิม <br><br> **สิทธิ์ฟรีในแพ็ก:** <br> - IP Phone โทรเบอร์บ้าน NT ทั่วไทย ฟรี 24 ชม. <br> - โทรนอกโครงข่ายและมือถือทุกค่าย ฟรี 1,200 บ./เลขหมาย/รอบบิล <br> - ซิม my 700 MHz อินเทอร์เน็ต 15 Mbps (FUP 384 Kbps) 20 GB <br> - ทีมดูแลการใช้งานแก้ปัญหาเบื้องต้นภายใน 12 ชม. ตลอดอายุการใช้งาน <br> - รับสิทธิ์ยืม **Mesh WiFi6 Router 2 ตัว ฟรี!** |
| **NT Mesh Gigabit Fiber V.2 (พร้อมบริการเสริม)** | 1000/1000 Mbps | **3990 บาท** | 24 รอบบิล | **เลือกได้ 1 อย่าง:** <br> - IP Phone 1 เลขหมาย + ซิม my 700 MHz 1 ซิม <br> - IP Phone 2 เลขหมาย <br> - ซิม my 700 MHz 2 ซิม <br><br> **สิทธิ์ฟรีในแพ็ก:** <br> - IP Phone โทรเบอร์บ้าน NT ทั่วไทย ฟรี 24 ชม. <br> - โทรนอกโครงข่ายและมือถือทุกค่าย ฟรี 1,200 บ./เลขหมาย/รอบบิล <br> - ซิม my 700 MHz อินเทอร์เน็ต 15 Mbps (FUP 384 Kbps) 20 GB <br> - ทีมดูแลการใช้งานแก้ปัญหาเบื้องต้นภายใน 12 ชม. ตลอดอายุการใช้งาน <br> - รับสิทธิ์ยืม **Mesh WiFi6 Router 2 ตัว ฟรี!** |
| **NT Mesh Gigabit Fiber V.2 (พร้อมบริการเสริม)** | 1000/1000 Mbps | **3790 บาท** | 36 รอบบิล | **เลือกได้ 1 อย่าง:** <br> - IP Phone 1 เลขหมาย + ซิม my 700 MHz 1 ซิม <br> - IP Phone 2 เลขหมาย <br> - ซิม my 700 MHz 2 ซิม <br><br> **สิทธิ์ฟรีในแพ็ก:** <br> - IP Phone โทรเบอร์บ้าน NT ทั่วไทย ฟรี 24 ชม. <br> - โทรนอกโครงข่ายและมือถือทุกค่าย ฟรี 1,200 บ./เลขหมาย/รอบบิล <br> - ซิม my 700 MHz อินเทอร์เน็ต 15 Mbps (FUP 384 Kbps) 20 GB <br> - ทีมดูแลการใช้งานแก้ปัญหาเบื้องต้นภายใน 12 ชม. ตลอดอายุการใช้งาน <br> - รับสิทธิ์ยืม **Mesh WiFi6 Router 2 ตัว ฟรี!** |",8,3206,1,546,• IP Phone โทรเบอร์บ้าน NT ทั่วไทย ฟรี 24 ชั่วโมง nan nan nan nan nan,0.1826073839969481,[เน็ตบ้าน] New NT SME Plus Fixed IP.xlsx,0.006405196946932252,0.025477707006369428,0.01933873986275736,0.5589376091957092
15,2026-01-13 09:18:51.201836,มีโปรเน็ตบ้านราคาถูกไม่เกิน 500 บาทไหม,"ขออภัยครับ จากข้อมูลโปรโมชั่นอินเทอร์เน็ตบ้านของ NT ในขณะนี้ ยังไม่มีแพ็กเกจที่ราคาไม่เกิน 500 บาทครับ

ราคาแพ็กเกจที่แสดงอยู่จะเริ่มต้นที่ 790 บาทต่อเดือน สำหรับความเร็ว 1000/500 Mbps ครับ",38,189,3,14,(Drop Optic ไม่เกิน 500 เมตร/จุด และสายภายในไม่เกิน 20 เมตร/จุด) (เฉพาะพื้นที่ที่พร้อมให้บริการ) nan nan nan nan nan,0.4246658301331855,[เน็ตบ้าน] New NT SME Plus Series.xlsx,0.010733825545492848,0.13333333333333333,0.18518518518518523,0.6390351057052612
15,2026-01-13 09:19:12.101210,คอนโดขนาดเล็กควรใช้เน็ตบ้านความเร็วเท่าไหร่,"ขออภัย, เกิดข้อผิดพลาด: 429 You exceeded your current quota, please check your plan and billing details. For more information on this error, head to: https://ai.google.dev/gemini-api/docs/rate-limits. To monitor your current usage, head to: https://ai.dev/rate-limit. 
* Quota exceeded for metric: generativelanguage.googleapis.com/generate_content_free_tier_requests, limit: 5, model: gemini-2.5-flash
Please retry in 27.324090702s. [links {
  description: ""Learn more about Gemini API quotas""
  url: ""https://ai.google.dev/gemini-api/docs/rate-limits""
}
, violations {
  quota_metric: ""generativelanguage.googleapis.com/generate_content_free_tier_requests""
  quota_id: ""GenerateRequestsPerMinutePerProjectPerModel-FreeTier""
  quota_dimensions {
    key: ""model""
    value: ""gemini-2.5-flash""
  }
  quota_dimensions {
    key: ""location""
    value: ""global""
  }
  quota_value: 5
}
, retry_delay {
  seconds: 27
}
]
Traceback (most recent call last):
  File ""d:\NT_INTERN\Frontend_promo_googleai\routers\tool_chat.py"", line 365, in process_and_stream_response
    response = await asyncio.to_thread(chat.send_message, req.question)
               ^^^^^^^^^^^^^^^^^^^^^^^^^^^^^^^^^^^^^^^^^^^^^^^^^^^^^^^^
  File ""C:\Users\USER\AppData\Local\Programs\Python\Python311\Lib\asyncio\threads.py"", line 25, in to_thread
    return await loop.run_in_executor(None, func_call)
           ^^^^^^^^^^^^^^^^^^^^^^^^^^^^^^^^^^^^^^^^^^^
  File ""C:\Users\USER\AppData\Local\Programs\Python\Python311\Lib\concurrent\futures\thread.py"", line 58, in run
    result = self.fn(*self.args, **self.kwargs)
             ^^^^^^^^^^^^^^^^^^^^^^^^^^^^^^^^^^
  File ""D:\NT_INTERN\Frontend_promo_googleai\.venv\Lib\site-packages\google\generativeai\generative_models.py"", line 578, in send_message
    response = self.model.generate_content(
               ^^^^^^^^^^^^^^^^^^^^^^^^^^^^
  File ""D:\NT_INTERN\Frontend_promo_googleai\.venv\Lib\site-packages\google\generativeai\generative_models.py"", line 331, in generate_content
    response = self._client.generate_content(
               ^^^^^^^^^^^^^^^^^^^^^^^^^^^^^^
  File ""D:\NT_INTERN\Frontend_promo_googleai\.venv\Lib\site-packages\google\ai\generativelanguage_v1beta\services\generative_service\client.py"", line 835, in generate_content
    response = rpc(
               ^^^^
  File ""D:\NT_INTERN\Frontend_promo_googleai\.venv\Lib\site-packages\google\api_core\gapic_v1\method.py"", line 131, in __call__
    return wrapped_func(*args, **kwargs)
           ^^^^^^^^^^^^^^^^^^^^^^^^^^^^^
  File ""D:\NT_INTERN\Frontend_promo_googleai\.venv\Lib\site-packages\google\api_core\retry\retry_unary.py"", line 294, in retry_wrapped_func
    return retry_target(
           ^^^^^^^^^^^^^
  File ""D:\NT_INTERN\Frontend_promo_googleai\.venv\Lib\site-packages\google\api_core\retry\retry_unary.py"", line 156, in retry_target
    next_sleep = _retry_error_helper(
                 ^^^^^^^^^^^^^^^^^^^^
  File ""D:\NT_INTERN\Frontend_promo_googleai\.venv\Lib\site-packages\google\api_core\retry\retry_base.py"", line 214, in _retry_error_helper
    raise final_exc from source_exc
  File ""D:\NT_INTERN\Frontend_promo_googleai\.venv\Lib\site-packages\google\api_core\retry\retry_unary.py"", line 147, in retry_target
    result = target()
             ^^^^^^^^
  File ""D:\NT_INTERN\Frontend_promo_googleai\.venv\Lib\site-packages\google\api_core\timeout.py"", line 130, in func_with_timeout
    return func(*args, **kwargs)
           ^^^^^^^^^^^^^^^^^^^^^
  File ""D:\NT_INTERN\Frontend_promo_googleai\.venv\Lib\site-packages\google\api_core\grpc_helpers.py"", line 77, in error_remapped_callable
    raise exceptions.from_grpc_error(exc) from exc
google.api_core.exceptions.ResourceExhausted: 429 You exceeded your current quota, please check your plan and billing details. For more information on this error, head to: https://ai.google.dev/gemini-api/docs/rate-limits. To monitor your current usage, head to: https://ai.dev/rate-limit. 
* Quota exceeded for metric: generativelanguage.googleapis.com/generate_content_free_tier_requests, limit: 5, model: gemini-2.5-flash
Please retry in 27.324090702s. [links {
  description: ""Learn more about Gemini API quotas""
  url: ""https://ai.google.dev/gemini-api/docs/rate-limits""
}
, violations {
  quota_metric: ""generativelanguage.googleapis.com/generate_content_free_tier_requests""
  quota_id: ""GenerateRequestsPerMinutePerProjectPerModel-FreeTier""
  quota_dimensions {
    key: ""model""
    value: ""gemini-2.5-flash""
  }
  quota_dimensions {
    key: ""location""
    value: ""global""
  }
  quota_value: 5
}
, retry_delay {
  seconds: 27
}
]",43,4593,1,315,• ซิม my 700 MHz อินเทอร์เน็ต 15 Mbps จํากัด 20 GB nan nan nan nan nan,0.2076505568956374,[เน็ตบ้าน] New NT SME Plus Fixed IP.xlsx,0.0,0.0,0.009797517962116253,0.49603432416915894
17,2026-01-14 07:02:21.949027,แนะนำแพ็กเกจอินเทอร์เน็ตหน่อย,"ผมยินดีช่วยแนะนำครับ! ไม่ทราบว่าคุณสนใจเป็น:
🏠 เน็ตบ้าน/ไฟเบอร์ (สำหรับใช้ที่บ้านหรือออฟฟิศ) หรือ
📱 เน็ตมือถือ (สำหรับสมาร์ทโฟน) ครับ?",29,134,1,10,อินเทอร์เน็ต 6 GB,0.3879295428869513,[เน็ตมือถือ] TOTMOBILE START UP (โปรโมชั่นรายเดือน).xlsx,0.0,0.0,0.08955223880597019,0.6265770792961121
17,2026-01-14 07:02:31.886323,เน็ตบ้าน,"NT มีแพ็กเกจอินเทอร์เน็ตบ้านที่น่าสนใจดังนี้ครับ:

**1. โปร NT Mesh Gigabit Fiber V.2 (เน็ตแรงบ้านฉัน ชัดทั่วทั้งบ้าน)**
สำหรับลูกค้าที่ต้องการความเร็วสูงและสัญญาณครอบคลุมทั่วบ้าน

| ชื่อโปรโมชั่น | ความเร็ว (DL/UL) | ราคา (ต่อเดือน) | รายละเอียดเพิ่มเติม |
| :--- | :--- | :--- | :--- |
| **NT Mesh Gigabit Fiber V.2** | 1 Gbps | เริ่มต้น **590 บาท** | สมัครวันนี้ รับสิทธิ์ยืมฟรี! **WiFi6 Router** หรือ **Mesh WiFi6 Router** |

**2. โปรโมชั่น NT Home Internet พร้อมบริการเสริม (แพ็กเกจที่มีบริการเสริม)**
แพ็กเกจเหล่านี้มีตัวเลือกบริการเสริมเพิ่มเติม และมีระยะเวลาสัญญา 24 หรือ 36 รอบบิล

| ความเร็ว (DL/UL) | ราคา (ต่อเดือน) (24 รอบบิล) | ราคา (ต่อเดือน) (36 รอบบิล) | บริการเสริมในแพ็กเกจ |
| :--- | :--- | :--- | :--- |
| **1000/500 Mbps** | 3090 บาท | 2890 บาท | ไม่มี |
| **1000/500 Mbps** | 3590 บาท | 3390 บาท | **เลือกได้ 1 รายการ:** IP Phone 1 เลขหมาย + ซิม my 700 MHz 1 ซิม, หรือ IP Phone 2 เลขหมาย, หรือ ซิม my 700 MHz 2 ซิม |
| **1000/1000 Mbps** | 3590 บาท | 3390 บาท | ไม่มี |
| **1000/1000 Mbps** | 3990 บาท | 3790 บาท | **เลือกได้ 1 รายการ:** IP Phone 1 เลขหมาย + ซิม my 700 MHz 1 ซิม, หรือ IP Phone 2 เลขหมาย, หรือ ซิม my 700 MHz 2 ซิม |

**รายละเอียดบริการเสริมในแพ็กเกจ (สำหรับแพ็กเกจที่มีบริการเสริม):**
*   **IP Phone:**
    *   โทรเบอร์บ้าน NT ทั่วไทย ฟรี 24 ชั่วโมง
    *   โทรนอกโครงข่าย และมือถือทุกค่าย ฟรี 1,200 บาท/เลขหมาย/รอบบิล
*   **ซิม my 700 MHz:**
    *   อินเทอร์เน็ต 15 Mbps จํากัด 20 GB (หลังจากนั้น FUP 384 Kbps)
*   **อุปกรณ์:** รับสิทธิ์ยืมฟรี! **Mesh WiFi6 Router** 2 ตัว
*   **ทีมดูแล:** พร้อมทีมดูแลการใช้งาน แก้ปัญหาเบื้องต้นภายใน 12 ชั่วโมง ตลอดอายุการใช้งาน

คุณสนใจแพ็กเกจไหนเป็นพิเศษ หรือต้องการข้อมูลเพิ่มเติมเกี่ยวกับแพ็กเกจใดเป็นพิเศษไหมครับ?",8,1695,1,242,• IP Phone โทรเบอร์บ้าน NT ทั่วไทย ฟรี 24 ชั่วโมง nan nan nan nan nan,0.1826073839969481,[เน็ตบ้าน] New NT SME Plus Fixed IP.xlsx,0.013330618113755648,0.07017543859649124,0.03126843657817113,0.591161847114563
17,2026-01-14 07:05:33.549552,ตอนนี้ NT มีโปรโมชั่นเน็ตอะไรบ้าง,"NT มีโปรโมชั่นอินเทอร์เน็ตบ้านที่น่าสนใจดังนี้ครับ:

**1. โปร NT Mesh Gigabit Fiber V.2 (เน็ตแรงบ้านฉัน ชัดทั่วทั้งบ้าน)**
สำหรับลูกค้าที่ต้องการความเร็วสูงและสัญญาณครอบคลุมทั่วบ้าน สมัครได้ตั้งแต่วันนี้ – 30 พ.ย. 68 ครับ

**แพ็กเกจ Basic (สัญญา 12 เดือน)**
สมัครวันนี้ รับสิทธิ์ยืมฟรี! **WiFi6 Router** 2 ตัว

| ความเร็วสูงสุด (DL/UL) | ค่าบริการ (บาท/เดือน) | บริการเสริมที่เลือกได้ (เลือก 1 รายการ) |
| :--- | :--- | :--- |
| **1000/300 Mbps** | 590 | ไม่มี |
| **1000/500 Mbps** | 690 | ไม่มี |
| **1000/500 Mbps** | 790 | IP Phone 1 เลขหมาย (โทร NT ทั่วไทยฟรี 24 ชม., โทรนอกโครงข่าย/มือถือฟรี 420 บาท/เดือน) หรือ NT NET PLAY (เลือกกล่อง IPTV หรือ C nema) |
| **1000/1000 Mbps** | 990 | ไม่มี |
| **1000/1000 Mbps** | 1090 | IP Phone 1 เลขหมาย (โทร NT ทั่วไทยฟรี 24 ชม., โทรนอกโครงข่าย/มือถือฟรี 700 บาท/เดือน) หรือ NT NET PLAY (เลือกกล่อง IPTV หรือ C nema) |

**แพ็กเกจ Premium (สัญญา 24 เดือน)**
สมัครวันนี้ รับสิทธิ์ยืมฟรี! **Mesh WiFi6 Router** 2 ตัว

| ความเร็วสูงสุด (DL/UL) | ค่าบริการ (บาท/เดือน) | บริการเสริมที่เลือกได้ (เลือก 1 รายการ) |
| :--- | :--- | :--- |
| **1000/300 Mbps** | 790 | ไม่มี |
| **1000/500 Mbps** | 890 | ไม่มี |
| **1000/500 Mbps** | 990 | IP Phone 1 เลขหมาย (โทร NT ทั่วไทยฟรี 24 ชม., โทรนอกโครงข่าย/มือถือฟรี 700 บาท/เดือน) หรือ NT NET PLAY (เลือกกล่อง IPTV หรือ C nema) |
| **1000/1000 Mbps** | 1090 | ไม่มี |
| **1000/1000 Mbps** | 1190 | IP Phone 1 เลขหมาย (โทร NT ทั่วไทยฟรี 24 ชม., โทรนอกโครงข่าย/มือถือฟรี 700 บาท/เดือน) หรือ NT NET PLAY (เลือกกล่อง IPTV หรือ C nema) |

**รายละเอียดเพิ่มเติมสำหรับ IP Phone ในแพ็กเกจ Premium:**
*   โทรเบอร์บ้าน NT ทั่วไทย ฟรี 24 ชั่วโมง
*   โทรนอกโครงข่าย และมือถือทุกค่าย ฟรี 1,200 บาท/เลขหมาย/รอบบิล
*   ซิม my 700 MHz อินเทอร์เน็ต 15 Mbps จํากัด 20 GB (หลังจากนั้น FUP 384 Kbps)

สนใจแพ็กเกจไหนเป็นพิเศษ หรือต้องการข้อมูลเพิ่มเติมเกี่ยวกับแพ็กเกจใดเป็นพิเศษไหมครับ?",33,1847,3,274,โปรโมชั่น ค่าบริการ (บาท/เดือน) Internet (GB) FUP (Mbps) เพิ่มเติม,0.4152926049134547,[เน็ตมือถือ] NT Corporate Ultra Net (โปรโมชั่นรายเดือน).xlsx,0.007206779447634934,0.029411764705882356,0.03356794802382246,0.6451907753944397
17,2026-01-14 07:05:54.478071,โปรไหนคุ้มสุด สำหรับใช้งานทั่วไป,"สำหรับ ""ใช้งานทั่วไป"" ที่ต้องการความคุ้มค่าสูงสุด ผมขอแนะนำโปรโมชั่น **NT Mesh Gigabit Fiber V.2 แพ็กเกจ Basic ความเร็ว 1000/300 Mbps** ครับ

| ชื่อโปรโมชั่น | ความเร็ว (DL/UL) | ราคา (ต่อเดือน) | รายละเอียดเพิ่มเติม |
| :--- | :--- | :--- | :--- |
| **NT Mesh Gigabit Fiber V.2 (Basic)** | **1000/300 Mbps** | **590 บาท** | สัญญา 12 เดือน, รับสิทธิ์ยืมฟรี! **WiFi6 Router** 2 ตัว |

**ทำไมถึงคุ้มค่าสำหรับใช้งานทั่วไป:**
*   **ความเร็วสูงเหลือเฟือ:** ความเร็วดาวน์โหลด 1000 Mbps (1 Gbps) นั้นสูงมากสำหรับการใช้งานทั่วไปในครัวเรือน ไม่ว่าจะเป็นการดูหนัง 4K สตรีมมิ่ง เล่นเกมออนไลน์ ทำงานที่บ้าน หรือเรียนออนไลน์ ก็สามารถทำได้อย่างราบรื่นพร้อมกันหลายอุปกรณ์
*   **ราคาประหยัด:** ด้วยราคาเพียง 590 บาทต่อเดือน ทำให้เป็นแพ็กเกจ Gigabit ที่เข้าถึงได้ง่ายและคุ้มค่าที่สุด
*   **อุปกรณ์ฟรี:** ได้รับสิทธิ์ยืมฟรี! **WiFi6 Router** 2 ตัว ซึ่งจะช่วยให้คุณกระจายสัญญาณ Wi-Fi ได้ดีขึ้นและรองรับอุปกรณ์รุ่นใหม่ๆ ได้อย่างเต็มประสิทธิภาพ
*   **ระยะเวลาสัญญาเหมาะสม:** สัญญา 12 เดือนไม่ยาวจนเกินไป ทำให้มีความยืดหยุ่นในการใช้งาน

แพ็กเกจนี้เหมาะสำหรับผู้ที่ต้องการอินเทอร์เน็ตที่เร็วแรง ตอบโจทย์ทุกการใช้งานในชีวิตประจำวัน โดยไม่ต้องจ่ายในราคาที่สูงเกินไปครับ",32,1144,2,102,สำหรับลูกค้า NT Mobile ที่โอนย้ายอัตโนมัติมายัง my by NT nan nan nan nan,0.2511685392986766,[เน็ตมือถือ] NT Flexy Talk (โปรโมชั่นรายเดือน).xlsx,0.001240344865209797,0.0816326530612245,0.04195804195804198,0.6126332879066467
17,2026-01-14 07:07:57.168721,ย้ายค่ายมา NT มีโปรพิเศษหรือไม่,"สำหรับลูกค้าที่ย้ายค่ายมา NT โดยทั่วไปแล้วโปรโมชั่นอินเทอร์เน็ตบ้านที่ผมได้แจ้งไปก่อนหน้านี้ (**NT Mesh Gigabit Fiber V.2** และ **NT Home Internet พร้อมบริการเสริม**) จะเป็นโปรโมชั่นมาตรฐานที่ลูกค้าใหม่ รวมถึงผู้ที่ย้ายค่ายสามารถสมัครได้เลยครับ

NT ไม่ได้มีโปรโมชั่นที่ระบุชื่อเฉพาะเจาะจงว่า ""โปรย้ายค่าย"" แต่โปรโมชั่นที่มีอยู่แล้วนั้นก็ถือว่าเป็นข้อเสนอที่ดีสำหรับผู้ที่ต้องการสมัครบริการใหม่ครับ

คุณสนใจโปรโมชั่น **NT Mesh Gigabit Fiber V.2** หรือ **NT Home Internet พร้อมบริการเสริม** ตัวไหนเป็นพิเศษไหมครับ? หรือต้องการให้ผมอธิบายรายละเอียดเพิ่มเติมของโปรโมชั่นใดอีกครั้ง?",31,577,3,32,แพ็กเกจ ค่าโทรเฉลี่ย (บาท/นาที) ค่าอินเทอร์เน็ตเฉลี่ย (บาท/MB) nan nan nan,0.3246847164940323,[เน็ตมือถือ] Corporate Ultra Max ( โปรโมชั่นรายเดือน).xlsx,0.00402899484413971,0.0,0.06932409012131713,0.6178060173988342
17,2026-01-14 07:08:30.648907,เน็ตบ้าน NT แรงไหม / หลุดบ่อยไหม,"ขออภัยครับ ในฐานะผู้ช่วยดิจิทัล ผมไม่สามารถให้ข้อมูลเชิงประสิทธิภาพการใช้งานจริง เช่น ความเร็วที่แท้จริงภายใต้สภาพแวดล้อมต่างๆ หรือความถี่ในการหลุดของสัญญาณได้โดยตรงครับ เนื่องจากปัจจัยเหล่านี้ขึ้นอยู่กับหลายอย่าง เช่น พื้นที่ให้บริการ การติดตั้ง และปริมาณการใช้งานในช่วงเวลานั้นๆ ครับ

ผมสามารถให้ข้อมูลเกี่ยวกับ **ความเร็วสูงสุดตามแพ็กเกจ** ที่ NT นำเสนอ และรายละเอียดของโปรโมชั่นต่างๆ ครับ

หากคุณต้องการสอบถามเกี่ยวกับประสบการณ์ใช้งานจริง หรือตรวจสอบความครอบคลุมและคุณภาพสัญญาณในพื้นที่ของคุณ ผมแนะนำให้ติดต่อ NT Contact Center 1888 หรือสอบถามที่ศูนย์บริการ NT ใกล้บ้าน เพื่อขอข้อมูลที่เจาะจงกับพื้นที่ของคุณได้โดยตรงครับ

คุณสนใจให้ผมแนะนำแพ็กเกจเน็ตบ้านอีกครั้ง หรือมีคำถามเกี่ยวกับโปรโมชั่นอื่นๆ ของ NT ไหมครับ?",32,718,5,35,"NT บริษัท โทรคมนาคมแห่งชาติ จำกัด (มหาชน) NT Fiber Plus 500.0 500.0 nan 645.0 1. ชิม my 700 MHz เน็ต 15 Mbps 10 GB (FUP 384 Kbps)
2. NT Voice IP Phone 1 เลขหมาย
- โทรเบอร์บ้าน NT ทั่วไทย ฟรี 24 ชั่วโมง
- โทรนอกโครงข่าย และมือถือทุกค่าย ฟรี 250 บาท nan",0.210638033158669,[เน็ตบ้าน] NT Fiber Plus.xlsx,0.004963711545479858,0.20512820512820512,0.10724233983286913,0.617337167263031
17,2026-01-14 07:08:47.548179,บ้านมีหลายคนใช้ ควรเลือก กี่ Mbps,"เมื่อบ้านมีหลายคนใช้งาน การเลือกความเร็วอินเทอร์เน็ตที่เหมาะสมเป็นสิ่งสำคัญเพื่อให้ทุกคนใช้งานได้อย่างราบรื่นครับ โดยทั่วไปแล้ว ผมจะแนะนำให้พิจารณาจากกิจกรรมที่สมาชิกในบ้านทำเป็นประจำ:

**1. พิจารณาจากกิจกรรมที่ใช้งาน:**

*   **ใช้งานทั่วไป (ดูหนัง HD, ท่องเว็บ, โซเชียลมีเดีย, เรียนออนไลน์ 1-2 คน):** ความเร็วระดับ **300-500 Mbps** ก็เพียงพอสำหรับหลายคนในบ้านแล้วครับ
*   **ใช้งานหนักขึ้น (ดูหนัง 4K หลายจอ, เล่นเกมออนไลน์หลายคน, Live สด, Work From Home/Study From Home พร้อมกันหลายคน, ดาวน์โหลด/อัปโหลดไฟล์ขนาดใหญ่):** แนะนำให้เลือกความเร็วระดับ **1000 Mbps (1 Gigabit)** ขึ้นไปครับ เพื่อให้รองรับการใช้งานที่หลากหลายและหนักหน่วงได้โดยไม่สะดุด

**2. แนะนำแพ็กเกจของ NT สำหรับบ้านที่มีหลายคน:**

เนื่องจาก NT มีแพ็กเกจ Gigabit ที่คุ้มค่า ผมจึงแนะนำแพ็กเกจเหล่านี้สำหรับบ้านที่มีหลายคนครับ

| ชื่อโปรโมชั่น | ความเร็ว (DL/UL) | เหมาะสำหรับ |
| :--- | :--- | :--- |
| **NT Mesh Gigabit Fiber V.2 (Basic)** | **1000/300 Mbps** | การใช้งานทั่วไปถึงปานกลางของหลายคนในบ้าน ดูหนัง 4K ได้สบายๆ |
| **NT Mesh Gigabit Fiber V.2 (Basic)** | **1000/500 Mbps** | การใช้งานที่ต้องการความเร็วอัปโหลดสูงขึ้นเล็กน้อย เหมาะกับคนทำงานที่บ้าน |
| **NT Mesh Gigabit Fiber V.2 (Basic/Premium)** | **1000/1000 Mbps** | การใช้งานหนักมากๆ ดาวน์โหลด/อัปโหลดไฟล์ขนาดใหญ่บ่อยๆ เล่นเกมออนไลน์จริงจังพร้อมกันหลายคน |

**สรุปสำหรับบ้านที่มีหลายคนใช้:**

เพื่อประสบการณ์การใช้งานที่ดีที่สุดและเพียงพอต่อความต้องการของทุกคน ผมขอแนะนำ **NT Mesh Gigabit Fiber V.2 ความเร็วเริ่มต้นที่ 1000/300 Mbps (ในราคา 590 บาทต่อเดือน)** เป็นตัวเลือกที่คุ้มค่าและรองรับการใช้งานของหลายคนได้อย่างสบายๆ ครับ และหากคุณมีกิจกรรมที่ต้องอัปโหลดข้อมูลจำนวนมากหรือเล่นเกมออนไลน์จริงจัง การขยับไปที่แพ็กเกจ **1000/1000 Mbps** จะช่วยให้การใช้งานลื่นไหลมากยิ่งขึ้นครับ

คุณสนใจแพ็กเกจไหนเป็นพิเศษไหมครับ?",33,1746,4,133,แพ็กเกจ (บาท/เดือน) โทรฟรีทุกเครือข่าย (นาที) โทรฟรีในเครือข่าย + เบอร์บ้าน อินเทอร์เน็ต (GB) ความเร็ว FUP (Mbps) โทรเฉลี่ย (บ./นาที) เน็ตเฉลี่ย (บ./MB),0.2143687396097865,[เน็ตมือถือ] NT Flexy Net (โปรโมชั่นรายเดือน).xlsx,0.0014988372317254796,0.027027027027027025,0.06013745704467355,0.6699820160865784
17,2026-01-14 07:09:30.889322,เน็ตมือถือ 4G / 5G ครอบคลุมพื้นที่ไหนบ้าง,"ขออภัยครับ ผมไม่สามารถให้ข้อมูลเกี่ยวกับความครอบคลุมของพื้นที่ให้บริการ 4G / 5G ของ NT ได้โดยตรงครับ เนื่องจากข้อมูลความครอบคลุมของสัญญาณเครือข่ายมีการเปลี่ยนแปลงและขึ้นอยู่กับปัจจัยหลายอย่าง

หากคุณต้องการตรวจสอบพื้นที่ให้บริการของ NT (my by NT) สำหรับ 4G หรือ 5G ผมแนะนำให้คุณตรวจสอบได้จากช่องทางเหล่านี้ครับ:

*   **เว็บไซต์ NT (my by NT):** โดยปกติแล้วจะมีแผนที่แสดงพื้นที่ให้บริการบนเว็บไซต์
*   **NT Contact Center:** โทร 1888 เพื่อสอบถามข้อมูลที่แม่นยำที่สุดเกี่ยวกับพื้นที่ที่คุณใช้งาน

ผมสามารถให้ข้อมูลได้เฉพาะเกี่ยวกับโปรโมชั่นและแพ็กเกจอินเทอร์เน็ตของ NT เท่านั้นครับ มีคำถามเกี่ยวกับแพ็กเกจเน็ตมือถือของ NT ที่ผมพอจะช่วยได้ไหมครับ?",41,644,5,39,อินเทอร์เน็ต 6 GB,0.3323487111048137,[เน็ตมือถือ] TOTMOBILE START UP (โปรโมชั่นรายเดือน).xlsx,0.0,0.0,0.021739130434782594,0.6062051057815552
17,2026-01-14 07:10:02.099266,มี โปรรายวัน / รายสัปดาห์ / รายเดือน ไหม,"NT มีโปรโมชั่นเน็ตมือถือแบบ **รายเดือน** ให้เลือกครับ แต่ผมไม่พบข้อมูลโปรโมชั่นแบบรายวันหรือรายสัปดาห์ในขณะนี้ครับ

สำหรับโปรโมชั่นรายเดือน ผมมีแพ็กเกจ **NT Corporate Ultra Net** ที่น่าสนใจดังนี้ครับ:

| โปรโมชั่น | ค่าบริการ (บาท/เดือน) | Internet (GB) | FUP (Mbps) | เพิ่มเติม |
| :--- | :--- | :--- | :--- | :--- |
| **Corporate Ultra Net 299** | 299 | 20 | 4 | ค่าโทร 0.75 บาท/นาที, SMS 0.75 บาท/ข้อความ, อินเทอร์เน็ตส่วนเกิน 0.25 บาท/MB |
| **Corporate Ultra Net 399** | 399 | 30 | 4 | ค่าโทร 0.75 บาท/นาที, SMS 0.75 บาท/ข้อความ, อินเทอร์เน็ตส่วนเกิน 0.25 บาท/MB |
| **Corporate Ultra Net 499** | 499 | 50 | 6 | ค่าโทร 0.75 บาท/นาที, SMS 0.75 บาท/ข้อความ, อินเทอร์เน็ตส่วนเกิน 0.25 บาท/MB |
| **Corporate Ultra Net 599** | 599 | 70 | 6 | ค่าโทร 0.75 บาท/นาที, SMS 0.75 บาท/ข้อความ, อินเทอร์เน็ตส่วนเกิน 0.25 บาท/MB |
| **Corporate Ultra Net 699** | 699 | 90 | 10 | ค่าโทร 0.75 บาท/นาที, SMS 0.75 บาท/ข้อความ, อินเทอร์เน็ตส่วนเกิน 0.25 บาท/MB |
| **Corporate Ultra Net 899** | 899 | 120 | 10 | ค่าโทร 0.75 บาท/นาที, SMS 0.75 บาท/ข้อความ, อินเทอร์เน็ตส่วนเกิน 0.25 บาท/MB |

**หมายเหตุ:**
*   ผู้ใช้บริการซิมการ์ด NT Mobile สามารถรับสิทธิ์ใช้บริการตามแพ็กเกจได้ต่อเนื่องถึง 30 มิ.ย. 69 เมื่อระบบทําการโอนย้ายอัตโนมัติมายังบริการ my by NT รองรับคลื่น 700 MHz สําเร็จ
*   อัตราค่าบริการยังไม่รวมภาษีมูลค่าเพิ่ม

นอกจากนี้ยังมีโปรโมชั่น **NT Flexy Talk** ซึ่งเป็นโปรโมชั่นรายเดือนที่เน้นการโทรฟรีในเครือข่ายครับ

คุณสนใจโปรโมชั่น NT Corporate Ultra Net ตัวไหนเป็นพิเศษไหมครับ?",40,1476,7,199,ประเภทแพ็กเกจ รายเดือน (Postpaid),0.5260998168299067,[เน็ตมือถือ] TOTMOBILE START UP (โปรโมชั่นรายเดือน).xlsx,0.0008684109309530071,0.0,0.018292682926829285,0.571560800075531
17,2026-01-14 07:11:01.207745,ถ้าเน็ตมีปัญหา ต้องติดต่อที่ไหน,"หากเน็ตของคุณมีปัญหา คุณสามารถติดต่อ NT ได้ตามช่องทางเหล่านี้ครับ:

📞 **NT Contact Center:** 1888 (24 ชั่วโมง) - เป็นช่องทางที่ดีที่สุดสำหรับการแจ้งปัญหาทางเทคนิคหรือสอบถามเกี่ยวกับการแก้ไขปัญหา

🏢 **ศูนย์บริการ NT:** คุณสามารถค้นหาสาขาใกล้บ้านได้ที่ https://www.ntplc.co.th/servicecenter เพื่อเข้าไปติดต่อด้วยตนเอง

💬 **แชทออนไลน์:** ผ่านเว็บไซต์ NT

🌐 **เว็บไซต์:** https://www.ntplc.co.th

คุณสามารถเลือกช่องทางที่สะดวกที่สุดได้เลยครับ",31,438,2,27,สามารถใช้งานต่อเนื่องได้ถึง 30 มิถุนายน 2569 nan nan nan,0.2466524754784864,[เน็ตมือถือ] Corporate Ultra Talk (โปรโมชั่นรายเดือน).xlsx,0.0,0.0,0.0730593607305936,0.6158905625343323
17,2026-01-14 07:11:24.640658,ใช้เน็ต ดูหนัง เล่นเกม ทำงาน ควรเลือกโปรไหน,"สำหรับการใช้งานอินเทอร์เน็ตที่หลากหลาย ทั้ง **ดูหนัง เล่นเกม และทำงาน** ซึ่งมักจะต้องการความเร็วสูงและความเสถียร ผมขอแนะนำแพ็กเกจ **NT Mesh Gigabit Fiber V.2** ครับ เพราะเป็นแพ็กเกจที่ให้ความเร็วระดับ Gigabit ที่คุ้มค่าและรองรับการใช้งานหนักๆ ได้ดี

ผมขอแนะนำ 3 ตัวเลือกที่น่าสนใจจากแพ็กเกจ **NT Mesh Gigabit Fiber V.2 (Basic Package)** ซึ่งมีสัญญา 12 เดือน และได้รับสิทธิ์ยืมฟรี **WiFi6 Router** 2 ตัวครับ:

| ชื่อโปรโมชั่น | ความเร็ว (DL/UL) | ราคา (ต่อเดือน) | เหมาะสำหรับ |
| :--- | :--- | :--- | :--- |
| **NT Mesh Gigabit Fiber V.2** | **1000/300 Mbps** | **590 บาท** | **คุ้มค่าที่สุด:** เหมาะสำหรับดูหนัง 4K ได้สบายๆ เล่นเกมออนไลน์ทั่วไป ทำงานพร้อมกันหลายคนโดยไม่ติดขัด |
| **NT Mesh Gigabit Fiber V.2** | **1000/500 Mbps** | **690 บาท** | **เพิ่มความแรงอัปโหลด:** เหมาะสำหรับผู้ที่ต้องอัปโหลดไฟล์ขนาดใหญ่บ่อยๆ เช่น ตัดต่อวิดีโอ แชร์ข้อมูลขึ้น Cloud หรือมีการประชุมออนไลน์ที่เน้นความคมชัดสูง |
| **NT Mesh Gigabit Fiber V.2** | **1000/1000 Mbps** | **990 บาท** | **สุดยอดความเร็ว:** เหมาะสำหรับผู้ใช้งานระดับโปร ที่ต้องการความเร็วสูงสุดทั้งดาวน์โหลดและอัปโหลด เล่นเกมที่ต้องการ Latency ต่ำมากๆ สตรีมเกม หรือทำงานที่ต้องรับส่งข้อมูลปริมาณมหาศาลตลอดเวลา |

**คำแนะนำเพิ่มเติม:**

*   **1000/300 Mbps (590 บาท):** เป็นตัวเลือกที่คุ้มค่าที่สุดสำหรับคนส่วนใหญ่ในบ้าน ดูหนัง 4K ได้สบายๆ เล่นเกมไม่กระตุก และทำงานได้ดี
*   **1000/500 Mbps (690 บาท):** หากคุณต้องอัปโหลดข้อมูลบ่อยๆ หรือมีการประชุมวิดีโอที่ต้องใช้แบนด์วิธสูง การเพิ่มความเร็วอัปโหลดเป็น 500 Mbps จะช่วยให้ประสบการณ์การใช้งานดีขึ้น
*   **1000/1000 Mbps (990 บาท):** หากงบประมาณไม่ใช่ปัญหา และคุณต้องการความเร็วสูงสุดในทุกๆ ด้าน ทั้งดาวน์โหลดและอัปโหลด แพ็กเกจนี้จะมอบประสิทธิภาพสูงสุดให้คุณ

คุณสนใจแพ็กเกจไหนเป็นพิเศษ หรือต้องการข้อมูลเพิ่มเติมเกี่ยวกับแพ็กเกจใดอีกไหมครับ?",43,1739,5,153,"เน็ตเร็วสุด 15 Mbps เล่นได้ 30 GB
เงื่อนไขการส่งเสริมการขาย

เน็ตเร็วสุด 15 Mbps เล่นได้ 30 GB
ใช้ต่อเนื่องไม่อั้นเร็วสุด 1 Mbps
โทรไม่อั้นในเครือข่าย NT
(เบอร์มือถือ my, NT Mobile, เบอร์โทรศัพท์บ้าน NT Fixed Line)

เพียง 200 บ.(รวม VAT)/ 31 วัน ต่ออายุอัตโนมัติ 12 รอบ

ซื้อเลยที่ Lazada : NT Official  คลิก https://www.lazada.co.th/shop/nt-official",0.2218463080951874,[เน็ตมือถือ] ซิมออนไลน์ my 5G_Lazada.xlsx,0.001320469216777842,0.0980392156862745,0.09028177113283498,0.6311627626419067
17,2026-01-14 07:12:09.400547,อยากได้ เน็ตเร็ว แต่ราคาประหยัด,"เข้าใจเลยครับ! สำหรับความต้องการ ""เน็ตเร็วแต่ราคาประหยัด"" ของ NT ผมขอแนะนำแพ็กเกจ **NT Mesh Gigabit Fiber V.2 (Basic Package)** ความเร็ว **1000/300 Mbps** ครับ

แพ็กเกจนี้ให้ความเร็วระดับ **Gigabit** ซึ่งถือว่า ""เร็ว"" มากสำหรับทุกการใช้งาน และมาในราคาที่ ""ประหยัด"" ที่สุดสำหรับความเร็วระดับนี้ครับ

| ชื่อโปรโมชั่น | ความเร็ว (DL/UL) | ราคา (ต่อเดือน) | รายละเอียดเพิ่มเติม |
| :--- | :--- | :--- | :--- |
| **NT Mesh Gigabit Fiber V.2 (Basic)** | **1000/300 Mbps** | **590 บาท** | สัญญา 12 เดือน, รับสิทธิ์ยืมฟรี! **WiFi6 Router** 2 ตัว |

**ทำไมแพ็กเกจนี้ถึงตอบโจทย์ ""เน็ตเร็ว แต่ราคาประหยัด"":**

*   **ความเร็วสูง (1000 Mbps):** ความเร็วดาวน์โหลด 1000 Mbps (1 Gigabit) นั้นรวดเร็วอย่างเหลือเชื่อ สามารถรองรับการดูหนัง 4K, เล่นเกมออนไลน์, ทำงาน, เรียนออนไลน์ และเชื่อมต่ออุปกรณ์หลายเครื่องพร้อมกันได้อย่างสบายๆ โดยไม่ติดขัด
*   **ราคาประหยัด (590 บาท/เดือน):** ด้วยราคาเพียง 590 บาทต่อเดือน ถือเป็นหนึ่งในแพ็กเกจ Gigabit Fiber ที่คุ้มค่าที่สุดในตลาด ทำให้คุณได้เน็ตแรงในราคาที่ไม่แพง
*   **อุปกรณ์ฟรี:** คุณยังได้รับสิทธิ์ยืมฟรี **WiFi6 Router** 2 ตัว ซึ่งจะช่วยกระจายสัญญาณ Wi-Fi ได้ทั่วถึงและมีประสิทธิภาพในบ้านของคุณครับ

แพ็กเกจนี้เหมาะสำหรับผู้ที่ต้องการอินเทอร์เน็ตประสิทธิภาพสูงในราคาที่จับต้องได้ครับ",31,1210,3,111,"เน็ตเร็วสุด 15 Mbps เล่นได้ 30 GB
เงื่อนไขการส่งเสริมการขาย

เน็ตเร็วสุด 15 Mbps เล่นได้ 30 GB
ใช้ต่อเนื่องไม่อั้นเร็วสุด 1 Mbps
โทรไม่อั้นในเครือข่าย NT
(เบอร์มือถือ my, NT Mobile, เบอร์โทรศัพท์บ้าน NT Fixed Line)

เพียง 200 บ.(รวม VAT)/ 31 วัน ต่ออายุอัตโนมัติ 12 รอบ

ซื้อเลยที่ Lazada : NT Official  คลิก https://www.lazada.co.th/shop/nt-official",0.3111025212950443,[เน็ตมือถือ] ซิมออนไลน์ my 5G_Lazada.xlsx,0.0018008181311566496,0.10256410256410256,0.11157024793388426,0.6410626769065857
18,2026-01-14 07:36:12.857831,บ้านเดี่ยว 3–4 คน ควรใช้เน็ตกี่ Mbps,"สำหรับบ้านเดี่ยวที่มีผู้อยู่อาศัย 3-4 คน เพื่อให้ได้รับประสบการณ์การใช้งานอินเทอร์เน็ตที่ราบรื่นและเพียงพอต่อกิจกรรมต่างๆ เช่น การสตรีมมิ่งวิดีโอความละเอียดสูง การเล่นเกมออนไลน์ การทำงานหรือเรียนออนไลน์พร้อมกันหลายคน ผมขอแนะนำแพ็กเกจอินเทอร์เน็ตบ้านของ NT ที่มีความเร็วสูงครับ

แพ็กเกจที่ NT มีให้บริการและเหมาะสมกับความต้องการของคุณ ได้แก่:

| ชื่อโปรโมชั่น | ความเร็ว (DL/UL) | ราคา (ต่อเดือน) | รายละเอียดเพิ่มเติม |
| :--- | :--- | :--- | :--- |
| **NT Home Fibre** | **1000/500 Mbps** | เริ่มต้น 790 บาท* | ความเร็วสูง เหมาะกับการใช้งานหลากหลายพร้อมกัน |
| **NT Home Fibre** | **1000/1000 Mbps** | เริ่มต้น 3390 บาท* | ความเร็วสูงสุด เหมาะกับผู้ใช้งานที่ต้องการประสิทธิภาพสูงสุด |

*ราคาอาจแตกต่างกันไปขึ้นอยู่กับระยะเวลาสัญญาและบริการเสริมที่เลือก เช่น IP Phone หรือซิม my 700 MHz

ด้วยความเร็ว 1000/500 Mbps หรือ 1000/1000 Mbps จะช่วยให้สมาชิกในบ้าน 3-4 คน สามารถใช้งานอินเทอร์เน็ตได้อย่างเต็มประสิทธิภาพ ไม่ว่าจะดูหนัง ฟังเพลง เล่นเกม หรือทำงานพร้อมกัน ก็ไม่มีสะดุดครับ

หากต้องการสอบถามรายละเอียดแพ็กเกจเพิ่มเติม หรือต้องการทราบโปรโมชั่นสำหรับลูกค้าใหม่ สามารถแจ้งได้เลยนะครับ",36,1085,5,91,39 4 GB 3 811012#,0.3498713115683998,[เน็ตมือถือ] NT Mobile BIG MATCH NET PLUS.xlsx,0.0,0.10526315789473685,0.010138248847926246,0.47659221291542053
18,2026-01-14 07:36:52.649503,เน็ตบ้านสำหรับเล่นเกมและดู Netflix ควรเลือกโปรไหน,"สำหรับเน็ตบ้านที่เน้นการเล่นเกมและดู Netflix ผมขอแนะนำโปรโมชั่น **NT Mesh Gigabit Fiber V.2** ครับ เพราะมีความเร็วสูงมาก ช่วยให้การใช้งานทั้งสองกิจกรรมเป็นไปอย่างราบรื่น ไม่กระตุก และได้ภาพคมชัดระดับสูง

โดยเฉพาะสำหรับลูกค้าที่ต้องการใช้งานพร้อมกันหลายคน หรือต้องการประสิทธิภาพสูงสุด โปรโมชั่นนี้ตอบโจทย์ได้เป็นอย่างดีครับ

นี่คือแพ็กเกจที่น่าสนใจสำหรับคุณ:

**แพ็กเกจ Basic (สัญญา 12 เดือน)**

| ความเร็ว (Download/Upload) | ราคา (ต่อเดือน) | บริการเสริมที่เลือกได้ (เลือก 1 อย่าง) | อุปกรณ์ที่ได้รับฟรี |
| :--- | :--- | :--- | :--- |
| **1000/300 Mbps** | **590 บาท** | - | WiFi6 Router 2 ตัว |
| **1000/500 Mbps** | **790 บาท** | IP Phone (โทรฟรีในโครงข่าย NT 24 ชม. + โทรมือถือ/นอกโครงข่าย 420 บาท/เดือน) หรือ NT NET PLAY (กล่อง iptv หรือ C nema) | - |
| **1000/1000 Mbps** | **1090 บาท** | IP Phone (โทรฟรีในโครงข่าย NT 24 ชม. + โทรมือถือ/นอกโครงข่าย 700 บาท/เดือน) หรือ NT NET PLAY (กล่อง iptv หรือ C nema) | - |

**แพ็กเกจ Premium (สัญญา 24 เดือน)**

| ความเร็ว (Download/Upload) | ราคา (ต่อเดือน) | บริการเสริมที่เลือกได้ (เลือก 1 อย่าง) | อุปกรณ์ที่ได้รับฟรี |
| :--- | :--- | :--- | :--- |
| **1000/300 Mbps** | **790 บาท** | - | Mesh WiFi6 Router 2 ตัว |
| **1000/500 Mbps** | **990 บาท** | IP Phone (โทรฟรีในโครงข่าย NT 24 ชม. + โทรมือถือ/นอกโครงข่าย 700 บาท/เดือน) หรือ NT NET PLAY (กล่อง iptv หรือ C nema) | - |
| **1000/1000 Mbps** | **1190 บาท** | IP Phone (โทรฟรีในโครงข่าย NT 24 ชม. + โทรมือถือ/นอกโครงข่าย 700 บาท/เดือน) หรือ NT NET PLAY (กล่อง iptv หรือ C nema) | - |

**ข้อเสนอพิเศษ:**
*   **WiFi6 Router หรือ Mesh WiFi6 Router:** รับสิทธิ์ยืมฟรีเมื่อสมัคร
*   **บริการเสริม:** สามารถเลือกรับบริการเสริม NT NET PLAY (กล่อง iptv หรือ C nema) ซึ่งเหมาะสำหรับผู้ที่ดู Netflix อยู่แล้ว หรือเลือกบริการ IP Phone ได้

สำหรับเกมออนไลน์และความละเอียดสูงของ Netflix แนะนำที่ความเร็ว **1000/500 Mbps** ขึ้นไปจะให้ประสบการณ์ที่ดีที่สุดครับ โดยเฉพาะแพ็กเกจ **1000/1000 Mbps** จะให้ความเร็วในการอัปโหลดที่สูงมาก ซึ่งเป็นประโยชน์สำหรับสตรีมเมอร์ หรือผู้ที่ต้องการอัปโหลดข้อมูลขนาดใหญ่

โปรโมชั่นนี้มีผลตั้งแต่วันนี้ – 30 พ.ย. 68 ครับ หากสนใจรายละเอียดเพิ่มเติม หรือต้องการสมัคร สามารถติดต่อ NT ได้เลยนะครับ",49,2114,3,268,• ซิม my 700 MHz อินเทอร์เน็ต 15 Mbps จํากัด 20 GB nan nan nan nan nan,0.2076505568956374,[เน็ตบ้าน] New NT SME Plus Fixed IP.xlsx,0.0005215167854724604,0.03125,0.024597918637653704,0.5925779342651367
18,2026-01-14 07:39:39.966162,เน็ตบ้านไม่จำกัดปริมาณ มีโปรอะไรแนะนำบ้าง,"สำหรับเน็ตบ้านไม่จำกัดปริมาณ NT มีโปรโมชั่น **NT Mesh Gigabit Fiber V.2** ที่น่าสนใจครับ โดยปกติแล้วแพ็กเกจอินเทอร์เน็ตบ้านของ NT (และผู้ให้บริการส่วนใหญ่) จะไม่มีการจำกัดปริมาณการใช้งาน (Unlimited data) ครับ คุณสามารถใช้งานได้ตลอด 24 ชั่วโมง โดยไม่มีติด FUP หรือลดความเร็วเหมือนเน็ตมือถือ

นี่คือโปรโมชั่น **NT Mesh Gigabit Fiber V.2** ที่เน้นความเร็วสูงและเหมาะสมกับการใช้งานที่ไม่จำกัดปริมาณ:

**แพ็กเกจ Basic (สัญญา 12 เดือน)**

| ความเร็ว (Download/Upload) | ราคา (ต่อเดือน) | บริการเสริมที่เลือกได้ (เลือก 1 อย่าง) | อุปกรณ์ที่ได้รับฟรี |
| :--- | :--- | :--- | :--- |
| **1000/300 Mbps** | **590 บาท** | - | WiFi6 Router 2 ตัว |
| **1000/500 Mbps** | **790 บาท** | IP Phone (โทรฟรีในโครงข่าย NT 24 ชม. + โทรมือถือ/นอกโครงข่าย 420 บาท/เดือน) หรือ NT NET PLAY (กล่อง iptv หรือ C nema) | - |
| **1000/1000 Mbps** | **1090 บาท** | IP Phone (โทรฟรีในโครงข่าย NT 24 ชม. + โทรมือถือ/นอกโครงข่าย 700 บาท/เดือน) หรือ NT NET PLAY (กล่อง iptv หรือ C nema) | - |

**แพ็กเกจ Premium (สัญญา 24 เดือน)**

| ความเร็ว (Download/Upload) | ราคา (ต่อเดือน) | บริการเสริมที่เลือกได้ (เลือก 1 อย่าง) | อุปกรณ์ที่ได้รับฟรี |
| :--- | :--- | :--- | :--- |
| **1000/300 Mbps** | **790 บาท** | - | Mesh WiFi6 Router 2 ตัว |
| **1000/500 Mbps** | **990 บาท** | IP Phone (โทรฟรีในโครงข่าย NT 24 ชม. + โทรมือถือ/นอกโครงข่าย 700 บาท/เดือน) หรือ NT NET PLAY (กล่อง iptv หรือ C nema) | - |
| **1000/1000 Mbps** | **1190 บาท** | IP Phone (โทรฟรีในโครงข่าย NT 24 ชม. + โทรมือถือ/นอกโครงข่าย 700 บาท/เดือน) หรือ NT NET PLAY (กล่อง iptv หรือ C nema) | - |

**รายละเอียดเพิ่มเติม:**
*   **อินเทอร์เน็ตบ้าน:** ทุกแพ็กเกจเป็นแบบไม่จำกัดปริมาณการใช้งาน คุณสามารถใช้งานได้เต็มสปีดตามแพ็กเกจ
*   **อุปกรณ์:** รับสิทธิ์ยืมฟรี! WiFi6 Router หรือ Mesh WiFi6 Router 2 ตัว ขึ้นอยู่กับแพ็กเกจที่เลือก
*   **บริการเสริม:** คุณสามารถเลือกบริการเสริมได้ 1 อย่าง (ตามเงื่อนไขของแต่ละแพ็กเกจ) เช่น IP Phone หรือ NT NET PLAY

โปรโมชั่นนี้มีผลตั้งแต่วันนี้ – 30 พ.ย. 68 ครับ หากคุณต้องการความเร็วระดับ Gigabit และใช้งานได้ไม่จำกัด ปริมาณ โปรโมชั่น NT Mesh Gigabit Fiber V.2 ถือเป็นตัวเลือกที่ดีเยี่ยมครับ",41,2056,2,277,• ซิม my 700 MHz อินเทอร์เน็ต 10 Mbps (Unlimited)/ซิม nan nan nan nan nan,0.1776365235509128,[เน็ตบ้าน] New NT SME Plus Fixed IP.xlsx,0.0011245480997697504,0.02962962962962963,0.02675097276264593,0.6128695011138916
18,2026-01-14 07:39:53.895593,คอนโดขนาดเล็กควรใช้เน็ตบ้านความเร็วเท่าไหร่,"สำหรับคอนโดขนาดเล็ก ผมขอแนะนำโปรโมชั่น **NT Mesh Gigabit Fiber V.2** ครับ โดยทั่วไปแล้วสำหรับคอนโดขนาดเล็กหรือมีผู้ใช้งานไม่มาก (เช่น 1-2 คน) ความเร็วอินเทอร์เน็ตที่ **1000/300 Mbps** ก็ถือว่าเพียงพอและให้ประสิทธิภาพที่ดีเยี่ยมแล้วครับ

ความเร็วระดับนี้สามารถรองรับกิจกรรมต่างๆ ได้อย่างสบายๆ ไม่ว่าจะเป็น:
*   การท่องเว็บไซต์และใช้งานโซเชียลมีเดีย
*   การสตรีมมิ่งวิดีโอความละเอียดสูง (HD, 4K) บนแพลตฟอร์มต่างๆ เช่น Netflix, YouTube
*   การประชุมออนไลน์ หรือเรียนออนไลน์
*   การเล่นเกมออนไลน์ที่ไม่ต้องดาวน์โหลดไฟล์ขนาดใหญ่บ่อยๆ

นี่คือแพ็กเกจที่เหมาะสมจากโปรโมชั่น **NT Mesh Gigabit Fiber V.2** ครับ:

**แพ็กเกจ Basic (สัญญา 12 เดือน)**

| ความเร็ว (Download/Upload) | ราคา (ต่อเดือน) | บริการเสริมที่เลือกได้ | อุปกรณ์ที่ได้รับฟรี |
| :--- | :--- | :--- | :--- |
| **1000/300 Mbps** | **590 บาท** | ไม่มีบริการเสริมให้เลือกในแพ็กเกจนี้ | WiFi6 Router 2 ตัว |

**แพ็กเกจ Premium (สัญญา 24 เดือน)**

| ความเร็ว (Download/Upload) | ราคา (ต่อเดือน) | บริการเสริมที่เลือกได้ | อุปกรณ์ที่ได้รับฟรี |
| :--- | :--- | :--- | :--- |
| **1000/300 Mbps** | **790 บาท** | ไม่มีบริการเสริมให้เลือกในแพ็กเกจนี้ | Mesh WiFi6 Router 2 ตัว |

**ข้อดีของแพ็กเกจนี้:**
*   **ความเร็วสูง:** แม้จะเป็นแพ็กเกจเริ่มต้น แต่ความเร็ว 1000/300 Mbps ก็ถือว่าเร็วมากสำหรับการใช้งานทั่วไปในคอนโด
*   **WiFi6 Router:** ได้รับ WiFi6 Router หรือ Mesh WiFi6 Router 2 ตัวฟรี ซึ่งช่วยกระจายสัญญาณได้ดีขึ้นในพื้นที่คอนโด และรองรับอุปกรณ์รุ่นใหม่ๆ
*   **ไม่จำกัดปริมาณ:** สามารถใช้งานอินเทอร์เน็ตได้ตลอด 24 ชั่วโมง โดยไม่มีการจำกัดปริมาณข้อมูล

สำหรับคอนโดขนาดเล็ก ผมแนะนำแพ็กเกจ **1000/300 Mbps** ที่ราคา **590 บาท/เดือน** (สัญญา 12 เดือน) ถือเป็นตัวเลือกที่คุ้มค่าและให้ความเร็วเกินพอต่อการใช้งานทั่วไปครับ

หากคุณสนใจแพ็กเกจที่มีบริการเสริม หรือต้องการความเร็วในการอัปโหลดที่สูงขึ้น ก็สามารถพิจารณาแพ็กเกจอื่นๆ ในตารางได้เช่นกันครับ โปรโมชั่นนี้มีผลตั้งแต่วันนี้ – 30 พ.ย. 68 ครับ",43,1847,1,169,• ซิม my 700 MHz อินเทอร์เน็ต 15 Mbps จํากัด 20 GB nan nan nan nan nan,0.2076505568956374,[เน็ตบ้าน] New NT SME Plus Fixed IP.xlsx,0.0006574102032852283,0.02666666666666667,0.02382241472658364,0.6121487617492676
19,2026-01-14 07:37:21.795496,โปรเน็ตมือถือสำหรับนักเรียน/นักศึกษา มีอะไรบ้าง,"จากการค้นหา ผมยังไม่พบโปรโมชั่นเน็ตมือถือที่ระบุว่าเป็น **สำหรับนักเรียน/นักศึกษาโดยเฉพาะ** ในขณะนี้ครับ

อย่างไรก็ตาม NT มีโปรโมชั่นเน็ตมือถือแบบรายเดือน **NT Corporate Ultra Net** ที่น่าสนใจดังนี้ครับ:

| ชื่อโปรโมชั่น | ค่าบริการ (บาท/เดือน) | Internet (GB) | FUP (Mbps) | รายละเอียดเพิ่มเติม |
| :--- | :--- | :--- | :--- | :--- |
| Corporate Ultra Net 299 | 299 | 20 | 4 | ค่าโทร 0.75 บ./นาที, SMS 0.75 บ./ข้อความ, อินเทอร์เน็ตส่วนเกิน 0.25 บ./MB |
| Corporate Ultra Net 399 | 399 | 30 | 4 | ค่าโทร 0.75 บ./นาที, SMS 0.75 บ./ข้อความ, อินเทอร์เน็ตส่วนเกิน 0.25 บ./MB |
| Corporate Ultra Net 499 | 499 | 50 | 6 | ค่าโทร 0.75 บ./นาที, SMS 0.75 บ./ข้อความ, อินเทอร์เน็ตส่วนเกิน 0.25 บ./MB |
| Corporate Ultra Net 599 | 599 | 70 | 6 | ค่าโทร 0.75 บ./นาที, SMS 0.75 บ./ข้อความ, อินเทอร์เน็ตส่วนเกิน 0.25 บ./MB |
| Corporate Ultra Net 699 | 699 | 90 | 10 | ค่าโทร 0.75 บ./นาที, SMS 0.75 บ./ข้อความ, อินเทอร์เน็ตส่วนเกิน 0.25 บ./MB |
| Corporate Ultra Net 899 | 899 | 120 | 10 | ค่าโทร 0.75 บ./นาที, SMS 0.75 บ./ข้อความ, อินเทอร์เน็ตส่วนเกิน 0.25 บ./MB |

**เงื่อนไขสำคัญ:**
*   อัตราค่าบริการยังไม่รวมภาษีมูลค่าเพิ่ม
*   ผู้ใช้บริการซิมการ์ด NT Mobile สามารถรับสิทธิ์ใช้บริการตามแพ็กเกจได้ต่อเนื่องถึง 30 มิ.ย. 2569 เมื่อระบบทำการโอนย้ายอัตโนมัติมายังบริการ my by NT ที่รองรับคลื่น 700 MHz สำเร็จ

หากคุณต้องการให้ผมค้นหาโปรโมชั่นอื่นๆ หรือมีคำถามเพิ่มเติมเกี่ยวกับโปรโมชั่นเหล่านี้ สามารถสอบถามได้เลยนะครับ",47,1405,2,191,โปรโมชั่น ค่าบริการ (บาท/เดือน) Internet (GB) FUP (Mbps) เพิ่มเติม,0.1814902303981448,[เน็ตมือถือ] NT Corporate Ultra Net (โปรโมชั่นรายเดือน).xlsx,0.028559863625982104,0.07142857142857142,0.046975088967971534,0.649888813495636
19,2026-01-14 07:38:02.272603,ใช้งานเน็ตต่างจังหวัดบ่อย ควรเลือกโปรอะไรดี,"หากคุณใช้งานอินเทอร์เน็ตต่างจังหวัดบ่อย ผมขอแนะนำโปรโมชั่น **NT Corporate Ultra Net** ครับ โปรโมชั่นนี้เป็นแบบรายเดือน มีปริมาณอินเทอร์เน็ตให้เลือกหลากหลาย ซึ่งจะช่วยให้คุณใช้งานได้อย่างต่อเนื่องไม่ว่าจะเดินทางไปที่ไหน

โดยมีรายละเอียดดังนี้ครับ:

| ชื่อโปรโมชั่น | ค่าบริการ (บาท/เดือน) | Internet (GB) | FUP (Mbps) | รายละเอียดเพิ่มเติม |
| :--- | :--- | :--- | :--- | :--- |
| Corporate Ultra Net 299 | 299 | 20 | 4 | ค่าโทร 0.75 บ./นาที, SMS 0.75 บ./ข้อความ, อินเทอร์เน็ตส่วนเกิน 0.25 บ./MB |
| Corporate Ultra Net 399 | 399 | 30 | 4 | ค่าโทร 0.75 บ./นาที, SMS 0.75 บ./ข้อความ, อินเทอร์เน็ตส่วนเกิน 0.25 บ./MB |
| Corporate Ultra Net 499 | 499 | 50 | 6 | ค่าโทร 0.75 บ./นาที, SMS 0.75 บ./ข้อความ, อินเทอร์เน็ตส่วนเกิน 0.25 บ./MB |
| Corporate Ultra Net 599 | 599 | 70 | 6 | ค่าโทร 0.75 บ./นาที, SMS 0.75 บ./ข้อความ, อินเทอร์เน็ตส่วนเกิน 0.25 บ./MB |
| Corporate Ultra Net 699 | 699 | 90 | 10 | ค่าโทร 0.75 บ./นาที, SMS 0.75 บ./ข้อความ, อินเทอร์เน็ตส่วนเกิน 0.25 บ./MB |
| Corporate Ultra Net 899 | 899 | 120 | 10 | ค่าโทร 0.75 บ./นาที, SMS 0.75 บ./ข้อความ, อินเทอร์เน็ตส่วนเกิน 0.25 บ./MB |

**ข้อควรทราบ:**
*   **ครอบคลุมทั่วประเทศ:** NT Mobile มีสัญญาณครอบคลุมทั่วประเทศ และจะมีการโอนย้ายไปยังบริการ my by NT ที่รองรับคลื่น 700 MHz เพื่อการใช้งานที่ต่อเนื่องและเสถียรยิ่งขึ้น
*   **อัตราค่าบริการยังไม่รวมภาษีมูลค่าเพิ่ม**
*   **FUP (Fair Usage Policy):** เมื่อใช้งานอินเทอร์เน็ตครบตามจำนวนที่กำหนด ความเร็วจะลดลงเหลือตามที่ระบุใน FUP (เช่น 4 Mbps หรือ 10 Mbps) ซึ่งยังสามารถใช้งานพื้นฐานได้ดี

คุณสามารถเลือกแพ็กเกจที่มีปริมาณอินเทอร์เน็ตที่เหมาะสมกับปริมาณการใช้งานของคุณได้เลยครับ หากต้องการข้อมูลเพิ่มเติมหรือมีคำถามอื่นๆ สามารถสอบถามได้เลยนะครับ",43,1656,2,202,ใช้งานเน็ตครบตามปริมาณ ระบบจะลดความเร็วเป็น 384 Kbps (FUP) nan nan nan nan nan,0.2919114190150333,[เน็ตมือถือ] NT Super Save  (โปรโมชั่นรายเดือน).xlsx,0.0009124247766604372,0.01639344262295082,0.033212560386473466,0.6055873036384583
19,2026-01-14 07:38:16.088644,ใช้เน็ตวันละประมาณ 5–10 GB ควรเลือกโปรไหนดี,"สำหรับการใช้งานอินเทอร์เน็ตวันละประมาณ **5-10 GB** (หรือประมาณ 150-300 GB ต่อเดือน) ผมขอแนะนำโปรโมชั่น **NT Corporate Ultra Net** ครับ เนื่องจากมีแพ็กเกจที่มีปริมาณอินเทอร์เน็ตสูงที่น่าจะเพียงพอต่อการใช้งานของคุณ

จากข้อมูล โปรโมชั่นที่น่าสนใจและสอดคล้องกับการใช้งานของคุณคือ:

| ชื่อโปรโมชั่น | ค่าบริการ (บาท/เดือน) | Internet (GB) | FUP (Mbps) | รายละเอียดเพิ่มเติม |
| :--- | :--- | :--- | :--- | :--- |
| Corporate Ultra Net 699 | 699 | 90 | 10 | ค่าโทร 0.75 บ./นาที, SMS 0.75 บ./ข้อความ, อินเทอร์เน็ตส่วนเกิน 0.25 บ./MB |
| Corporate Ultra Net 899 | 899 | 120 | 10 | ค่าโทร 0.75 บ./นาที, SMS 0.75 บ./ข้อความ, อินเทอร์เน็ตส่วนเกิน 0.25 บ./MB |

**ข้อควรพิจารณา:**
*   **Corporate Ultra Net 699:** ให้เน็ต 90 GB ต่อเดือน ซึ่งอาจจะไม่เพียงพอหากคุณใช้งาน 10 GB ทุกวัน แต่หากเฉลี่ย 5-6 GB ต่อวัน แพ็กเกจนี้ก็ยังใช้งานได้
*   **Corporate Ultra Net 899:** ให้เน็ต 120 GB ต่อเดือน ซึ่งจะเพียงพอหากคุณใช้งานเฉลี่ย 4 GB ต่อวัน แต่หากใช้งานถึง 10 GB ต่อวัน แพ็กเกจนี้อาจจะไม่เพียงพอในระยะยาว 1 เดือน

**คำแนะนำเพิ่มเติม:**
*   หากคุณใช้งานอินเทอร์เน็ตสูงถึง **10 GB ทุกวัน** (ประมาณ 300 GB ต่อเดือน) โปรโมชั่นเหล่านี้อาจจะมีปริมาณอินเทอร์เน็ตไม่เพียงพอ ผมแนะนำให้พิจารณาการใช้งานเฉลี่ยต่อเดือนของคุณอีกครั้ง หรืออาจจะต้องพิจารณาแพ็กเกจเสริมหากปริมาณอินเทอร์เน็ตหลักหมดก่อน
*   โปรโมชั่นนี้เป็นแบบรายเดือน และมี FUP (Fair Usage Policy) เมื่อใช้งานอินเทอร์เน็ตครบตามจำนวนที่กำหนด ความเร็วจะลดลงเหลือตามที่ระบุ (10 Mbps) ซึ่งยังสามารถใช้งานทั่วไปได้
*   อัตราค่าบริการยังไม่รวมภาษีมูลค่าเพิ่ม

หากคุณต้องการข้อมูลเพิ่มเติมเกี่ยวกับแพ็กเกจเสริม หรือมีคำถามอื่นๆ สามารถสอบถามได้เลยนะครับ",43,1577,4,154,5. ใช้งานเฉพาะในประเทศ – ไม่รวมโทร/อินเทอร์เน็ตระหว่างประเทศ nan nan nan nan nan,0.3131398888531453,[เน็ตมือถือ] NT Welcome (โปรโมชั่นรายเดือน).xlsx,0.0,0.024390243902439022,0.036778693722257505,0.610569179058075
19,2026-01-14 07:38:55.968236,มีโปรเน็ตมือถือไม่ลดสปีด ราคาไม่แพงไหม,"จากการค้นหา ผมยังไม่พบโปรโมชั่นเน็ตมือถือของ NT ที่เป็นแบบ **ไม่ลดสปีด (Unlimited Speed)** โดยไม่มีการจำกัดปริมาณการใช้งานอินเทอร์เน็ตครับ

โปรโมชั่นเน็ตมือถือที่มีในขณะนี้ จะมีการกำหนดปริมาณอินเทอร์เน็ตที่ความเร็วสูงสุด และเมื่อใช้งานครบตามปริมาณที่กำหนด ความเร็วจะถูกปรับลดลง (FUP) ครับ

อย่างไรก็ตาม หากคุณกำลังมองหาแพ็กเกจที่มีปริมาณอินเทอร์เน็ตสูงในราคาที่เหมาะสม ผมขอแนะนำโปรโมชั่น **NT Corporate Ultra Net** ดังนี้ครับ:

| ชื่อโปรโมชั่น | ค่าบริการ (บาท/เดือน) | Internet (GB) | FUP (Mbps) | รายละเอียดเพิ่มเติม |
| :--- | :--- | :--- | :--- | :--- |
| Corporate Ultra Net 299 | 299 | 20 | 4 | ค่าโทร 0.75 บ./นาที, SMS 0.75 บ./ข้อความ, อินเทอร์เน็ตส่วนเกิน 0.25 บ./MB |
| Corporate Ultra Net 399 | 399 | 30 | 4 | ค่าโทร 0.75 บ./นาที, SMS 0.75 บ./ข้อความ, อินเทอร์เน็ตส่วนเกิน 0.25 บ./MB |
| Corporate Ultra Net 499 | 499 | 50 | 6 | ค่าโทร 0.75 บ./นาที, SMS 0.75 บ./ข้อความ, อินเทอร์เน็ตส่วนเกิน 0.25 บ./MB |
| Corporate Ultra Net 599 | 599 | 70 | 6 | ค่าโทร 0.75 บ./นาที, SMS 0.75 บ./ข้อความ, อินเทอร์เน็ตส่วนเกิน 0.25 บ./MB |
| Corporate Ultra Net 699 | 699 | 90 | 10 | ค่าโทร 0.75 บ./นาที, SMS 0.75 บ./ข้อความ, อินเทอร์เน็ตส่วนเกิน 0.25 บ./MB |
| Corporate Ultra Net 899 | 899 | 120 | 10 | ค่าโทร 0.75 บ./นาที, SMS 0.75 บ./ข้อความ, อินเทอร์เน็ตส่วนเกิน 0.25 บ./MB |

**ข้อควรทราบ:**
*   **FUP (Fair Usage Policy):** หลังจากใช้งานอินเทอร์เน็ตครบตามปริมาณที่กำหนดในแต่ละแพ็กเกจ ความเร็วอินเทอร์เน็ตจะลดลงเหลือตามที่ระบุในคอลัมน์ FUP ครับ
*   อัตราค่าบริการยังไม่รวมภาษีมูลค่าเพิ่ม
*   ผู้ใช้บริการซิมการ์ด NT Mobile สามารถรับสิทธิ์ใช้บริการได้ต่อเนื่องถึง 30 มิ.ย. 2569 เมื่อระบบทำการโอนย้ายอัตโนมัติมายังบริการ my by NT ที่รองรับคลื่น 700 MHz สำเร็จ

หากคุณต้องการข้อมูลเพิ่มเติมเกี่ยวกับแพ็กเกจเหล่านี้ หรือมีคำถามอื่นๆ สามารถสอบถามได้เลยนะครับ",38,1753,2,210,6. ลูกค้า NT Mobile ระบบเติมเงินใช้บริการชุด Topping อยู่แล้ว สามารถสมัครใช้ ชุด Big Mouth Topping เพิ่มได้ 7. อัตราค่าบริการรวมภาษีมูลค่าเพิ่ม nan nan nan,0.1922566297934519,[เน็ตมือถือ] โปรเสริม Big Mouth Topping.xlsx,0.0017036862930965278,0.047244094488188976,0.05875641756988026,0.6433826684951782
22,2026-01-16 12:18:47.778016,มีของแถมไหม,"ผมยินดีช่วยดูให้ครับ! ไม่ทราบว่าคุณสนใจโปรโมชั่น:
🏠 **เน็ตบ้าน/ไฟเบอร์** (สำหรับใช้ที่บ้านหรือออฟฟิศ) หรือ
📱 **เน็ตมือถือ** (สำหรับสมาร์ทโฟน) ครับ?

ปกติแล้วของแถมจะมาพร้อมกับโปรโมชั่นต่างๆ ครับ ถ้าคุณแจ้งประเภทเน็ตที่สนใจ ผมจะหาข้อมูลให้ได้เลยครับ ☺️",11,251,1,15,nan 3190 IP Phone 1 เลขหมาย + ซิม my 4 ซิม ซิม my 5 ซิม IP Phone 2 เลขหมาย + ซิม my 3 ซิม nan,0.4795373924510709,[เน็ตบ้าน] New NT SME Plus Fixed IP.xlsx,0.0,0.0,0.08366533864541836,0.5700783729553223
22,2026-01-16 12:19:43.401151,แล้วของแถมสำหรับเน็ตบ้านกับเน็ตมือถือ โดยทั่วไปแล้วมีอะไรแตกต่างกันบ้างครับ/คะ?,"ในฐานะผู้ช่วยดิจิทัลของ NT ผมสามารถให้ข้อมูลเกี่ยวกับโปรโมชั่นและของแถมที่มีให้ในปัจจุบันของ NT ได้ครับ

สำหรับของแถมหรือสิทธิพิเศษที่มาพร้อมกับโปรโมชั่น **เน็ตบ้าน** และ **เน็ตมือถือ** ของ NT นั้น มักจะแตกต่างกันไปตามแต่ละแพ็กเกจและช่วงเวลาครับ

หากคุณสนใจอยากทราบว่าโปรโมชั่น **เน็ตบ้าน** หรือ **เน็ตมือถือ** ตัวไหนของ NT มีของแถมหรือสิทธิพิเศษอะไรบ้าง สามารถสอบถามผมได้เลยนะครับ ผมจะค้นหาข้อมูลล่าสุดให้ครับ ☺️",79,413,2,23,•รุ่น WiFi6 Router /Mesh WiFi6 Router อาจแตกต่างกันขึ้นอยู่กับพื้นที่ให้บริการ บริษัทฯ ขอสงวนสิทธิ์ในการเปลี่ยนแปลง โดยไม่ต้องแจ้งให้ทราบล่วงหน้า nan nan nan,0.1254468872298056,[เน็ตบ้าน] NT Mesh Gigabit Fiber V.2.xlsx,0.0,0.0,0.12348668280871666,0.663320779800415
22,2026-01-16 12:20:06.201058,ของแถมที่ว่านี้ มีให้สำหรับลูกค้าใหม่เท่านั้น หรือลูกค้าปัจจุบันก็มีสิทธิ์ได้รับด้วยครับ/คะ?,"การได้รับของแถมหรือสิทธิพิเศษนั้น ขึ้นอยู่กับเงื่อนไขของแต่ละโปรโมชั่นครับ

โดยทั่วไปแล้ว **ทั้งลูกค้าใหม่และลูกค้าปัจจุบัน** ของ NT มีโอกาสได้รับข้อเสนอพิเศษและของแถมที่แตกต่างกันไปครับ:

*   **ลูกค้าใหม่:** มักจะมีโปรโมชั่นต้อนรับพิเศษ หรือแพ็กเกจที่จูงใจสำหรับผู้ที่เพิ่งสมัครบริการ
*   **ลูกค้าปัจจุบัน:** ก็อาจมีโปรโมชั่นสำหรับการต่ออายุ, การอัปเกรดแพ็กเกจ, หรือสิทธิพิเศษต่างๆ เพื่อรักษาสิทธิ์ของลูกค้าเดิมครับ

หากคุณสนใจโปรโมชั่นเน็ตบ้านหรือเน็ตมือถือตัวไหนเป็นพิเศษ ผมสามารถตรวจสอบเงื่อนไขและของแถมที่มีให้ในปัจจุบันได้เลยนะครับ เพื่อให้ได้ข้อมูลที่ถูกต้องและล่าสุดครับ 😊",92,580,3,21,*โทรฟรีเฉพาะเบอร์บ้าน NT เท่านั้น nan nan nan nan nan,0.3475263033382853,[เน็ตมือถือ] NT Welcome (โปรโมชั่นรายเดือน).xlsx,0.00579653593359586,0.2857142857142857,0.04655172413793107,0.5935878753662109
22,2026-01-16 12:20:17.884100,ของแถมที่ว่านี้ มีให้สำหรับลูกค้าใหม่เท่านั้น หรือลูกค้าปัจจุบันก็มีสิทธิ์ได้รับด้วยครับ/คะ?,"ผมเข้าใจว่าคุณต้องการความชัดเจนในเรื่องนี้อีกครั้งครับ

โดยทั่วไปแล้ว **ทั้งลูกค้าใหม่และลูกค้าปัจจุบันของ NT มีโอกาสได้รับของแถมหรือสิทธิพิเศษครับ**

*   **ลูกค้าใหม่** มักจะมีโปรโมชั่นที่ออกแบบมาเพื่อดึงดูดให้เริ่มใช้บริการ ซึ่งอาจรวมถึงของแถมหรือส่วนลดพิเศษ
*   **ลูกค้าปัจจุบัน** ก็มีโอกาสได้รับสิทธิพิเศษเช่นกัน ไม่ว่าจะเป็นโปรโมชั่นสำหรับการต่ออายุ, การอัปเกรดแพ็กเกจ, หรือข้อเสนอพิเศษอื่นๆ ที่ NT จัดขึ้นเพื่อดูแลลูกค้าเดิม

เงื่อนไขและประเภทของของแถมจะแตกต่างกันไปตามแต่ละโปรโมชั่นและช่วงเวลาครับ

หากคุณสนใจอยากให้ผมตรวจสอบว่ามีโปรโมชั่นเน็ตบ้านหรือเน็ตมือถือตัวไหนที่มีของแถมหรือสิทธิพิเศษบ้าง และสำหรับลูกค้าประเภทใด (ใหม่หรือปัจจุบัน) สามารถแจ้งให้ผมทราบได้เลยนะครับ ผมยินดีช่วยค้นหาข้อมูลล่าสุดให้ครับ 😊",92,716,3,25,*โทรฟรีเฉพาะเบอร์บ้าน NT เท่านั้น nan nan nan nan nan,0.3475263033382853,[เน็ตมือถือ] NT Welcome (โปรโมชั่นรายเดือน).xlsx,0.005355924989097696,0.25,0.04469273743016755,0.5890219211578369
22,2026-01-16 12:20:30.714519,มีช่องทางไหนบ้างครับ/คะ ที่ลูกค้าอย่างผม/ดิฉันจะสามารถตรวจสอบโปรโมชั่นและสิทธิพิเศษที่ตรงกับสถานะลูกค้าของตัวเองได้ง่ายๆ?,"คุณสามารถตรวจสอบโปรโมชั่นและสิทธิพิเศษที่ตรงกับสถานะลูกค้าของคุณได้ง่ายๆ ผ่านช่องทางต่างๆ ของ NT ดังนี้ครับ:

🌐 **เว็บไซต์ NT:** https://www.ntplc.co.th
    *   คุณสามารถเข้าไปดูหน้าโปรโมชั่นต่างๆ ได้โดยตรง หรือบางครั้งอาจมีส่วนสำหรับลูกค้าปัจจุบันโดยเฉพาะครับ

📞 **NT Contact Center:** 1888 (ตลอด 24 ชั่วโมง)
    *   นี่เป็นช่องทางที่ดีที่สุดในการสอบถามข้อมูลที่เจาะจงกับสถานะของคุณครับ เจ้าหน้าที่จะสามารถตรวจสอบและแนะนำโปรโมชั่นที่เหมาะสมให้ได้โดยตรง

🏢 **ศูนย์บริการ NT:** ค้นหาสาขาใกล้บ้านได้ที่ https://www.ntplc.co.th/servicecenter
    *   คุณสามารถเข้าไปสอบถามข้อมูลกับเจ้าหน้าที่ที่ศูนย์บริการได้โดยตรง ซึ่งจะได้รับคำแนะนำที่ละเอียดและตรงจุดครับ

💬 **แชทออนไลน์:** ผ่านเว็บไซต์ NT
    *   เป็นอีกช่องทางที่สะดวกในการสอบถามข้อมูลเบื้องต้นกับเจ้าหน้าที่ครับ

📧 **อีเมล:** info@ntplc.co.th
    *   สำหรับการสอบถามข้อมูลที่อาจต้องใช้เวลาตรวจสอบ หรือต้องการส่งเอกสารประกอบครับ

หากคุณมีคำถามเกี่ยวกับโปรโมชั่น **เน็ตบ้าน** หรือ **เน็ตมือถือ** ของ NT โดยตรง ผมก็สามารถช่วยค้นหาข้อมูลเบื้องต้นให้ได้เลยนะครับ! 😊",121,1013,2,53,รับสิทธิพิเศษ (ลูกค้าใหม่และลูกค้าเดิม) nan nan nan nan nan nan nan nan,0.3880954006896808,[เน็ตบ้าน] NT Fiber Plus.xlsx,0.002237979421380123,0.0,0.04343534057255671,0.5977770686149597
22,2026-01-16 12:20:58.231923,NT มีแอปพลิเคชันบนมือถือที่สามารถใช้ตรวจสอบโปรโมชั่นส่วนตัว หรือจัดการบริการได้ด้วยไหมครับ/คะ?,"ขออภัยครับ ในฐานะผู้ช่วยดิจิทัลที่เชี่ยวชาญเฉพาะด้านโปรโมชั่นอินเทอร์เน็ตของ NT ผมไม่มีข้อมูลเกี่ยวกับแอปพลิเคชันมือถือของ NT โดยตรงครับ

หากคุณต้องการทราบว่า NT มีแอปพลิเคชันบนมือถือที่สามารถใช้ตรวจสอบโปรโมชั่นส่วนตัว หรือจัดการบริการได้ด้วยหรือไม่ ผมแนะนำให้คุณลองสอบถามผ่านช่องทางหลักของ NT โดยตรงนะครับ เช่น:

*   **NT Contact Center:** 1888
*   **เว็บไซต์ NT:** https://www.ntplc.co.th
*   **ศูนย์บริการ NT**

พวกเขาจะสามารถให้ข้อมูลที่ถูกต้องและเป็นปัจจุบันที่สุดเกี่ยวกับแอปพลิเคชันได้ครับ

แต่ถ้าคุณมีคำถามเกี่ยวกับโปรโมชั่นเน็ตบ้าน หรือเน็ตมือถือของ NT ผมยินดีช่วยค้นหาข้อมูลให้นะครับ 😊",94,595,3,32,"• ระยะเวลาส่งเสริมการขายตั้งแต่วันที่ 1 มิ.ย. 68 - 30 พ.ย. 68 • ระยะสัญญาใช้บริการ แพ็กเกจ Basic 12 เดือน และ แพ็กเกจ Premium 24 เดือน • อัตราค่าบริการ ดังกล่าวยังไม่รวมภาษีมูลค่าเพิ่ม (VAT) ♥ IP Phone : แพ็กเกจ Basic ได้รับสิทธิ์การใช้งาน ดังนี้ • โทรเบอร์บ้านโครงข่าย NT ทั่วไทยฟรี 24 ชั่วโมง • โทรเบอร์บ้านนอก โครงข่าย NT และมือถือทุกโครงข่าย ฟรี 420 บาท/เดือน หรือ 700 บาท/เดือน ตามแพ็กเกจที่เลือก : แพ็กเกจ Premium ได้รับสิทธิ์การใช้งาน ดังนี้ • โทรเบอร์บ้านโครงข่าย NT ทั่วไทยฟรี 24 ชั่วโมง • โทรเบอร์บ้านนอกโครงข่าย NT และมือถือทุกโครงข่าย ฟรี 700 บาท/เดือน • NT NET PLAY : iptv หรือ C nema จะได้รับอุปกรณ์ Set Top Box 1 กล่อง | จํานวนช่องและ Content รายการอาจมีการ เปลี่ยนแปลงได้ | หากอุปกรณ์ชํารุด/สูญหายต้องชําระ 2,000 บาท • กรณียกเลิกบริการต้องนําอุปกรณ์ที่ได้รับสิทธิ์ ยืมใช้งานมาคืนในสภาพสมบูรณ์ตามสภาพ หากอุปกรณ์ชํารุด/สูญหายต้องชําระค่าเสียหายตามอัตราที่ บมจ.โทรคมนาคมแห่งชาติกําหนดเงื่อนไขเป็นไปตามที่บริษัทฯกําหนด nan nan nan",0.2066230716211046,[เน็ตบ้าน] NT Mesh Gigabit Fiber V.2.xlsx,0.0020498677692402903,0.18518518518518517,0.15286624203821653,0.6440716981887817
23,2026-01-16 12:30:46.820544,ซื้อเน็ตเเถมพิซซ่าไหม,"ผมยินดีช่วยตรวจสอบโปรโมชั่นอินเทอร์เน็ตของ NT ให้ครับ!

ไม่ทราบว่าคุณสนใจเป็น:
🏠 **เน็ตบ้าน/ไฟเบอร์** (สำหรับใช้ที่บ้านหรือออฟฟิศ) หรือ
📱 **เน็ตมือถือ** (สำหรับสมาร์ทโฟน) ครับ?

เมื่อคุณแจ้งประเภทอินเทอร์เน็ตที่สนใจ ผมจะช่วยตรวจสอบให้ว่ามีโปรโมชั่นที่แถมพิซซ่าอยู่หรือไม่ครับ 😊",21,277,1,15,nan 3190 IP Phone 1 เลขหมาย + ซิม my 4 ซิม ซิม my 5 ซิม IP Phone 2 เลขหมาย + ซิม my 3 ซิม nan,0.4044034301289637,[เน็ตบ้าน] New NT SME Plus Fixed IP.xlsx,0.0,0.0,0.07581227436823101,0.5731597542762756
23,2026-01-16 12:31:18.884535,ติดสัญญานานกี่เดือนครับ,ขออภัยครับ ผมสามารถให้ข้อมูลได้เฉพาะโปรโมชั่นอินเทอร์เน็ตของ NT เท่านั้นครับ,23,76,1,4,แพ็กเกจ (บาท/เดือน) โทรฟรีทุกเครือข่าย (นาที) โทรฟรีในเครือข่าย + เบอร์บ้าน อินเทอร์เน็ต (GB) ความเร็ว FUP (Mbps) โทรเฉลี่ย (บ./นาที) เน็ตเฉลี่ย (บ./MB),0.3746145361725964,[เน็ตมือถือ] NT Flexy Net (โปรโมชั่นรายเดือน).xlsx,0.0,0.0,0.17105263157894735,0.6480382084846497
23,2026-01-16 12:32:10.455182,มีโปรเนตกี่แบบครับ,"ผมยินดีช่วยแนะนำโปรโมชั่นอินเทอร์เน็ตของ NT ครับ!

เพื่อความชัดเจน รบกวนแจ้งหน่อยครับว่าคุณสนใจเป็น:
🏠 **เน็ตบ้าน/ไฟเบอร์** (สำหรับใช้ที่บ้านหรือออฟฟิศ) หรือ
📱 **เน็ตมือถือ** (สำหรับสมาร์ทโฟน) ครับ?

เมื่อคุณแจ้งประเภทอินเทอร์เน็ตที่สนใจ ผมจะสามารถแนะนำโปรโมชั่นที่มีอยู่ทั้งหมดให้คุณได้ครับ 😊",18,293,1,16,แพ็กเกจ (บาท/เดือน) โทรฟรีทุกเครือข่าย (นาที) โทรฟรีในเครือข่าย + เบอร์บ้าน อินเทอร์เน็ต (GB) ความเร็ว FUP (Mbps) โทรเฉลี่ย (บ./นาที) เน็ตเฉลี่ย (บ./MB),0.3165554604954998,[เน็ตมือถือ] NT Flexy Net (โปรโมชั่นรายเดือน).xlsx,0.008531104334876973,0.0,0.16040955631399323,0.6588264107704163
23,2026-01-16 12:32:43.393120,โปรอินเตอร์ไฟเบอร์ครับ,"NT มีโปรโมชั่นอินเทอร์เน็ตไฟเบอร์ที่น่าสนใจครับ ขอแนะนำ **NT Mesh Gigabit Fiber V.2** ครับ โปรนี้เน็ตแรงทั่วบ้าน และมีแพ็กเกจให้เลือกทั้งแบบ 12 เดือน (Basic) และ 24 เดือน (Premium) ครับ

**NT Mesh Gigabit Fiber V.2**

สมัครได้ตั้งแต่วันนี้ – 30 พ.ย. 68

### **แพ็กเกจ Basic (สัญญา 12 เดือน)**

| ชื่อโปรโมชั่น | ความเร็ว (DL/UL) | ราคา (ต่อเดือน) | บริการเสริมที่เลือกได้ | รับสิทธิ์ยืมฟรี |
| :--- | :--- | :--- | :--- | :--- |
| NT Mesh Gigabit Fiber V.2 | 1000/300 Mbps | 590 บาท | - | WiFi6 Router 2 ตัว |
| NT Mesh Gigabit Fiber V.2 | 1000/500 Mbps | 690 บาท | IP Phone (โทรประจำที่โครงข่าย NT ทั่วไทย ฟรี 24 ชม. และโทรนอกโครงข่าย/มือถือทุกโครงข่าย ฟรี 420 บาท/เดือน) หรือ NT NET PLAY (เลือกกล่อง iptv หรือ C nema) | - |
| NT Mesh Gigabit Fiber V.2 | 1000/1000 Mbps | 790 บาท | IP Phone (โทรประจำที่โครงข่าย NT ทั่วไทย ฟรี 24 ชม. และโทรนอกโครงข่าย/มือถือทุกโครงข่าย ฟรี 700 บาท/เดือน) หรือ NT NET PLAY (เลือกกล่อง iptv หรือ C nema) | - |

### **แพ็กเกจ Premium (สัญญา 24 เดือน)**

| ชื่อโปรโมชั่น | ความเร็ว (DL/UL) | ราคา (ต่อเดือน) | บริการเสริมที่เลือกได้ | รับสิทธิ์ยืมฟรี |
| :--- | :--- | :--- | :--- | :--- |
| NT Mesh Gigabit Fiber V.2 | 1000/300 Mbps | 790 บาท | - | Mesh WiFi6 Router 2 ตัว |
| NT Mesh Gigabit Fiber V.2 | 1000/500 Mbps | 890 บาท | IP Phone (โทรประจำที่โครงข่าย NT ทั่วไทย ฟรี 24 ชม. และโทรนอกโครงข่าย/มือถือทุกโครงข่าย ฟรี 700 บาท/เดือน) หรือ NT NET PLAY (เลือกกล่อง iptv หรือ C nema) | - |
| NT Mesh Gigabit Fiber V.2 | 1000/1000 Mbps | 990 บาท | IP Phone (โทรประจำที่โครงข่าย NT ทั่วไทย ฟรี 24 ชม. และโทรนอกโครงข่าย/มือถือทุกโครงข่าย ฟรี 700 บาท/เดือน) หรือ NT NET PLAY (เลือกกล่อง iptv หรือ C nema) | - |

**รายละเอียดเพิ่มเติม:**
*   สำหรับแพ็กเกจ Basic จะได้รับสิทธิ์ยืม WiFi6 Router หรือ Mesh WiFi6 Router ขึ้นอยู่กับแพ็กเกจความเร็วที่เลือก
*   สำหรับแพ็กเกจ Premium จะได้รับสิทธิ์ยืม Mesh WiFi6 Router 2 ตัว
*   บริการเสริม IP Phone และ NT NET PLAY สามารถเลือกได้ตามแพ็กเกจความเร็ว
*   เงื่อนไขเป็นไปตามที่บริษัทกำหนด

สนใจแพ็กเกจไหนเป็นพิเศษ หรือต้องการข้อมูลเพิ่มเติมไหมครับ?",22,2016,1,312,SMS 20 ครั้ง,0.4617861019124573,[เน็ตมือถือ] TOTMOBILE START UP (โปรโมชั่นรายเดือน).xlsx,0.0,0.0,0.004960317460317443,0.5115247368812561
23,2026-01-16 12:33:51.066842,แล้วค่าแรกเข้า หรือค่าติดตั้ง มีเพิ่มเติมไหมครับ?,"จากข้อมูลโปรโมชั่น **NT Mesh Gigabit Fiber V.2** ที่ผมมีอยู่ในขณะนี้ **ไม่พบข้อมูลเกี่ยวกับค่าแรกเข้า หรือค่าติดตั้งเพิ่มเติมสำหรับโปรโมชั่นนี้ครับ**

โดยปกติแล้ว NT มักจะอำนวยความสะดวกให้ลูกค้าโดยไม่มีค่าใช้จ่ายในส่วนนี้ หรือมีโปรโมชั่นยกเว้นค่าธรรมเนียมดังกล่าวครับ

สำหรับโปรโมชั่นนี้ คุณยังจะได้รับสิทธิ์:
*   **ยืมฟรี** WiFi6 Router หรือ Mesh WiFi6 Router ตามแพ็กเกจที่เลือก

หากมีข้อสงสัยเพิ่มเติม สามารถสอบถามได้เลยนะครับ!",49,429,3,26,"• ค่าติดตั้งอุปกรณ์ มูลค่า 5,770 บาท พร้อมเดินสายภายใน 1 จุด nan nan nan nan nan",0.2740800103141739,[เน็ตบ้าน] New NT SME Plus Series.xlsx,0.0,0.0,0.08624708624708621,0.6217482089996338
23,2026-01-16 12:34:35.917480,แล้วจะเช็กพื้นที่ให้บริการได้ยังไงบ้างครับ ว่าบ้านผมติดตั้งได้ไหม?,"ผมเข้าใจเลยครับว่าการตรวจสอบพื้นที่ให้บริการเป็นสิ่งสำคัญก่อนการติดตั้ง

ในส่วนของการตรวจสอบพื้นที่ให้บริการอินเทอร์เน็ตไฟเบอร์นั้น ผมในฐานะผู้ช่วยดิจิทัลที่เชี่ยวชาญด้านโปรโมชั่นอินเทอร์เน็ตของ NT โดยเฉพาะ **ไม่สามารถเข้าถึงข้อมูลและตรวจสอบพื้นที่ให้บริการของแต่ละที่ได้โดยตรงครับ**

คุณสามารถตรวจสอบพื้นที่ให้บริการและสอบถามรายละเอียดเพิ่มเติมได้ที่ช่องทางติดต่อของ NT โดยตรงครับ:

🌐 **เว็บไซต์:** https://www.ntplc.co.th (มักจะมีหน้าสำหรับตรวจสอบพื้นที่ให้บริการ)
📞 **NT Contact Center:** 1888 (24 ชั่วโมง)
🏢 **ศูนย์บริการ NT:** ค้นหาสาขาใกล้บ้านได้ที่ https://www.ntplc.co.th/servicecenter
💬 **แชทออนไลน์:** ผ่านเว็บไซต์ NT

เจ้าหน้าที่ของ NT จะสามารถตรวจสอบพื้นที่ให้บริการจากที่อยู่ของคุณได้อย่างแม่นยำที่สุดครับ",66,718,2,32,รับสิทธิ์ยืม ฟรี! 2 ตัว nan nan nan nan nan,0.1558243292164267,[เน็ตบ้าน] New NT SME Plus Fixed IP.xlsx,0.0,0.0,0.04038997214484674,0.5457655787467957
23,2026-01-16 12:35:24.570081,มีบริการดูเเลระหว่างใช้งานด้วยไหมครับ,"ผมเข้าใจคำถามของคุณครับ ในส่วนของบริการดูแลหลังการขาย หรือการดูแลระหว่างการใช้งานนั้น **ผมสามารถให้ข้อมูลได้เฉพาะโปรโมชั่นอินเทอร์เน็ตของ NT เท่านั้นครับ**

สำหรับการสอบถามเกี่ยวกับบริการดูแลระหว่างการใช้งาน, การแก้ไขปัญหาทางเทคนิค หรือการบริการลูกค้าอื่นๆ ของ NT คุณสามารถติดต่อได้ที่ช่องทางเหล่านี้ครับ:

📞 **NT Contact Center:** 1888 (24 ชั่วโมง)
🏢 **ศูนย์บริการ NT:** ค้นหาสาขาใกล้บ้านได้ที่ https://www.ntplc.co.th/servicecenter
💬 **แชทออนไลน์:** ผ่านเว็บไซต์ NT
🌐 **เว็บไซต์:** https://www.ntplc.co.th

เจ้าหน้าที่ของ NT ยินดีให้บริการและช่วยเหลือคุณในเรื่องดังกล่าวโดยตรงครับ",37,582,1,34,3. อัตราค่าบริการดังกล่าวยังไม่รวมภาษีมูลค่าเพิ่ม nan,0.3421994099879787,[เน็ตมือถือ] TOTMOBILE START UP (โปรโมชั่นรายเดือน).xlsx,0.0,0.0,0.06013745704467355,0.642865777015686
23,2026-01-16 12:36:08.186856,มีไวไฟ 7ไหมครับ,"จากข้อมูลโปรโมชั่น **NT Mesh Gigabit Fiber V.2** ที่ผมมีอยู่ในขณะนี้ อุปกรณ์ที่ได้รับสิทธิ์ยืมฟรีสำหรับแพ็กเกจอินเทอร์เน็ตไฟเบอร์จะเป็น **WiFi6 Router** และ **Mesh WiFi6 Router** ครับ

ยังไม่มีข้อมูลเกี่ยวกับอุปกรณ์ที่รองรับ **WiFi 7** ในโปรโมชั่นปัจจุบันครับ",15,259,2,19,แพ็กเกจ (บาท/เดือน) โทรฟรีทุกเครือข่าย (นาที) โทรฟรีในเครือข่าย + เบอร์บ้าน อินเทอร์เน็ต (GB) ความเร็ว FUP (Mbps) โทรเฉลี่ย (บ./นาที) เน็ตเฉลี่ย (บ./MB),0.3165554604954998,[เน็ตมือถือ] NT Flexy Net (โปรโมชั่นรายเดือน).xlsx,0.0,0.0,0.16602316602316602,0.6321476101875305
23,2026-01-16 12:37:25.494646,มีโปรอินเตอร์เน็ตพ่วงไหมครับ โทรศัพทกับเน็ตบ้านในโปรเดียวกัน,"NT มีโปรโมชั่นอินเทอร์เน็ตแบบพ่วงที่รวมเน็ตบ้านและบริการโทรศัพท์ (IP Phone) พร้อมซิม my (อินเทอร์เน็ตมือถือ) ไว้ในโปรเดียวกันด้วยครับ!

ผมขอแนะนำโปรโมชั่น **NT Fiber Bundle** ที่มาพร้อมเน็ตบ้านความเร็วสูง, โทรศัพท์ IP Phone และซิม my สำหรับใช้งานอินเทอร์เน็ตมือถือครับ

### **NT Fiber Bundle (สัญญา 12 เดือน)**

| ชื่อโปรโมชั่น | ความเร็ว (DL/UL) | ราคา (ต่อเดือน) | รายละเอียดบริการเสริม |
| :--- | :--- | :--- | :--- |
| **NT Fiber Bundle 750** | 1000/500 Mbps | 750 บาท | IP Phone 1 เลขหมาย + ซิม my 700 MHz 1 ซิม |
| **NT Fiber Bundle 850** | 1000/500 Mbps | 850 บาท | IP Phone 1 เลขหมาย + ซิม my 700 MHz 1 ซิม หรือ IP Phone 1 เลขหมาย + Cloudbox 100 GB |

**รายละเอียดเพิ่มเติมสำหรับบริการเสริมในแพ็กเกจ:**
*   **IP Phone:**
    *   โทรเบอร์บ้าน NT ทั่วไทย ฟรี 24 ชั่วโมง
    *   สามารถโทรนอกโครงข่ายและมือถือทุกค่าย โดยมีสิทธิ์โทรฟรีสูงสุดถึง 1,200 บาท/เลขหมาย/รอบบิล (รายละเอียดขึ้นอยู่กับแพ็กเกจย่อยที่เลือก)
*   **ซิม my 700 MHz:**
    *   อินเทอร์เน็ตความเร็ว 15 Mbps
    *   จำกัดปริมาณการใช้งาน 20 GB (หลังจากนั้นจะลดความเร็วเป็น 384 Kbps)

โปรโมชั่นนี้เหมาะสำหรับผู้ที่ต้องการทั้งอินเทอร์เน็ตบ้านความเร็วสูง และบริการโทรศัพท์ พร้อมอินเทอร์เน็ตมือถือในแพ็กเกจเดียวครับ

หากคุณสนใจโปรโมชั่นไหนเป็นพิเศษ หรือต้องการข้อมูลเพิ่มเติม สามารถสอบถามได้เลยนะครับ!",60,1265,2,142,• ซิม my 700 MHz อินเทอร์เน็ต 10 Mbps (Unlimited)/ซิม nan nan nan nan nan,0.1358867416179311,[เน็ตบ้าน] New NT SME Plus Fixed IP.xlsx,0.01282503917812484,0.10256410256410257,0.037154150197628466,0.6287902593612671
23,2026-01-16 12:38:51.457914,ซิมที่ใช้ใช้ของค่ายไหนครับ หรือเป็นซิมของเครือข่ายเองครับ,"ซิมที่มาพร้อมกับโปรโมชั่น **NT Fiber Bundle** คือ **ซิม my** ครับ ซึ่งเป็นบริการโทรศัพท์เคลื่อนที่ของ **NT (National Telecom)** เองครับ

ดังนั้น ซิมที่ได้จะเป็นซิมของเครือข่าย NT โดยตรงครับ",57,189,2,17,แพ็กเกจ (บาท/เดือน) โทรฟรีทุกเครือข่าย (นาที) โทรฟรีในเครือข่าย + เบอร์บ้าน อินเทอร์เน็ต (GB) ความเร็ว FUP (Mbps) โทรเฉลี่ย (บ./นาที) เน็ตเฉลี่ย (บ./MB),0.2665051293225544,[เน็ตมือถือ] NT Flexy Net (โปรโมชั่นรายเดือน).xlsx,0.007173775053353474,0.0,0.11111111111111116,0.6610994338989258
23,2026-01-16 12:40:26.981423,เเล้วอินเทอร์เน็ตที่จะได้ในโปรพ่วง ได้ความเร็วเท่าไรครับ,"ในโปรโมชั่น **NT Fiber Bundle** คุณจะได้รับอินเทอร์เน็ต 2 ประเภทครับ:

1.  **อินเทอร์เน็ตบ้าน (Fiber)**:
    *   **ความเร็ว 1000/500 Mbps** สำหรับทั้งแพ็กเกจ **NT Fiber Bundle 750** และ **NT Fiber Bundle 850**

2.  **อินเทอร์เน็ตมือถือ (จากซิม my)**:
    *   **ความเร็วสูงสุด 15 Mbps**
    *   จำกัดปริมาณการใช้งาน **20 GB** ต่อเดือน หลังจากใช้งานครบ 20 GB แล้ว ความเร็วจะลดลงเหลือ 384 Kbps ครับ

ดังนั้น โปรนี้คุณจะได้ทั้งเน็ตบ้านความเร็วสูง และเน็ตมือถือสำหรับใช้งานนอกบ้านด้วยครับ",56,483,2,48,แพ็กเกจ (บาท/เดือน) โทรฟรีทุกเครือข่าย (นาที) โทรฟรีในเครือข่าย + เบอร์บ้าน อินเทอร์เน็ต (GB) ความเร็ว FUP (Mbps) โทรเฉลี่ย (บ./นาที) เน็ตเฉลี่ย (บ./MB),0.2365314085786614,[เน็ตมือถือ] NT Flexy Net (โปรโมชั่นรายเดือน).xlsx,0.003305992883254157,0.06451612903225806,0.1366459627329193,0.6723418831825256
23,2026-01-16 12:41:50.660224,อุปกรณ์ Router หรือ IP Phone ที่ต้องใช้ในบ้านนี่รวมอยู่ในแพ็กเกจแล้ว หรือต้องซื้อเพิ่มครับ?,"โดยทั่วไปแล้ว สำหรับโปรโมชั่นอินเทอร์เน็ตบ้านของ NT รวมถึงโปรโมชั่นแบบพ่วงอย่าง **NT Fiber Bundle** อุปกรณ์หลักที่จำเป็นสำหรับการใช้งานอินเทอร์เน็ตและบริการที่พ่วงมาด้วยมักจะ **รวมอยู่ในแพ็กเกจแล้ว** ครับ โดยส่วนใหญ่จะเป็นการ **ยืมใช้งานฟรี** ตลอดระยะเวลาที่ใช้บริการ

นั่นหมายความว่า:
*   **Router (เร้าเตอร์):** สำหรับการใช้งานอินเทอร์เน็ตบ้านไฟเบอร์ โดยปกติแล้ว NT จะจัดหาเร้าเตอร์ให้ยืมใช้งานฟรี
*   **IP Phone (โทรศัพท์ไอพี):** สำหรับบริการ IP Phone ที่มาพร้อมกับแพ็กเกจ ก็มักจะมีอุปกรณ์โทรศัพท์ IP Phone ให้ยืมใช้งานด้วยเช่นกัน

อย่างไรก็ตาม เพื่อความมั่นใจและชัดเจนที่สุด ผมขอแนะนำให้คุณสอบถามยืนยันกับเจ้าหน้าที่ NT อีกครั้งในขณะที่สมัครบริการนะครับ ว่าอุปกรณ์ทั้ง Router และ IP Phone ที่ได้รับสิทธิ์ยืมใช้งานฟรีนั้นเป็นรุ่นใด และมีค่าใช้จ่ายใดๆ เพิ่มเติมหรือไม่

คุณสามารถติดต่อสอบถามได้ที่:
📞 **NT Contact Center:** 1888 (24 ชั่วโมง)
🏢 **ศูนย์บริการ NT:** ค้นหาสาขาใกล้บ้านได้ที่ https://www.ntplc.co.th/servicecenter",91,927,7,59,ตรวจสอบการใช้งานได้ที่ 1652# โทรออก หรือ www.ntmobile.in.th หรือ NT Contact Center 1888 nan nan nan nan nan,0.3076044096948063,[เน็ตมือถือ] Corporate Ultra Max ( โปรโมชั่นรายเดือน).xlsx,0.009505540919320864,0.19047619047619047,0.07659115426105723,0.6150205731391907
23,2026-01-16 12:42:14.962457,แล้วถ้าอุปกรณ์ที่ยืมมาเกิดเสียหรือชำรุด จะมีค่าใช้จ่ายในการซ่อมแซมหรือเปลี่ยนไหมครับ/คะ?,"ขออภัยครับ ผมสามารถให้ข้อมูลได้เฉพาะโปรโมชั่นอินเทอร์เน็ตของ NT เท่านั้นครับ

สำหรับรายละเอียดเกี่ยวกับค่าใช้จ่ายในการซ่อมแซมหรือเปลี่ยนอุปกรณ์ที่ยืมมา หากเกิดเสียหรือชำรุดนั้น จะขึ้นอยู่กับเงื่อนไขการให้บริการของ NT ครับ ซึ่งเป็นรายละเอียดที่อยู่นอกเหนือจากขอบเขตข้อมูลโปรโมชั่นที่ผมสามารถให้ได้ครับ

ผมแนะนำให้คุณติดต่อสอบถามโดยตรงกับเจ้าหน้าที่ของ NT เพื่อรับข้อมูลที่ถูกต้องและเป็นปัจจุบันที่สุดได้ที่:

📞 **NT Contact Center:** 1888 (24 ชั่วโมง)
🏢 **ศูนย์บริการ NT:** ค้นหาสาขาใกล้บ้านได้ที่ https://www.ntplc.co.th/servicecenter
💬 **แชทออนไลน์:** ผ่านเว็บไซต์ NT",88,568,2,29,แพ็กเกจ ค่าโทรเฉลี่ย (บาท/นาที) ค่าอินเทอร์เน็ตเฉลี่ย (บาท/MB) nan nan nan,0.2880789495662115,[เน็ตมือถือ] Corporate Ultra Max ( โปรโมชั่นรายเดือน).xlsx,0.004453323527690996,0.0,0.07570422535211263,0.6167566776275635
23,2026-01-16 12:43:15.029802,เเล้วซิม my ใช้โทรศัพทเข้า ออกได้ไหมครับ,"จากข้อมูลโปรโมชั่น **NT Fiber Bundle** ที่ผมมีอยู่:

บริการ **IP Phone** ที่มาพร้อมกับแพ็กเกจคือส่วนที่ใช้สำหรับการโทรศัพท์เข้า-ออก ซึ่งมีสิทธิ์โทรฟรีทั้งเบอร์ NT และเบอร์นอกโครงข่าย/มือถือครับ

สำหรับ **ซิม my** ที่มากับแพ็กเกจนั้น รายละเอียดที่ระบุไว้คือเรื่องของ **อินเทอร์เน็ตมือถือ** ความเร็ว 15 Mbps และปริมาณการใช้งาน 20 GB ครับ **ไม่ได้ระบุถึงคุณสมบัติการโทรศัพท์เข้า-ออกโดยตรงสำหรับซิม my**

ดังนั้น หากคุณต้องการใช้งานโทรศัพท์สำหรับการโทรเข้า-ออก จะเป็นการใช้งานผ่านบริการ **IP Phone** ที่รวมอยู่ในแพ็กเกจเป็นหลักครับ",40,527,4,33,โทรฟรีเฉพาะภายในเครือข่าย NT Mobile และเบอร์โทรศัพท์บ้าน NT nan nan nan nan nan,0.2642264376870847,[เน็ตมือถือ] NT Super Save  (โปรโมชั่นรายเดือน).xlsx,0.0037436402457449933,0.18181818181818182,0.08538899430740043,0.658685564994812
24,2026-01-16 12:46:03.370906,มีเน็ตบ้านตัวไหนแนะนำมั้ยครับ,"NT มีโปรโมชั่น **NT Mesh Gigabit Fiber V.2** ที่น่าสนใจครับ เป็นเน็ตไฟเบอร์ความเร็วสูงที่เหมาะสำหรับใช้ในบ้าน มีให้เลือกทั้งแพ็กเกจ Basic (สัญญา 12 เดือน) และ Premium (สัญญา 24 เดือน) ครับ

นี่คือรายละเอียดบางส่วนของโปรโมชั่นนี้ครับ:

| ชื่อโปรโมชั่น | ความเร็ว (DL/UL) | ราคา (ต่อเดือน) | รายละเอียดเพิ่มเติม |
| :--- | :--- | :--- | :--- |
| **NT Mesh Gigabit Fiber V.2 (Basic)** | 1000/300 Mbps | 590 บาท | รับสิทธิ์ยืมฟรี WiFi6 Router 2 ตัว |
| | 1000/500 Mbps | 790 บาท | เลือกบริการเสริม IP Phone หรือ NT NET PLAY |
| | 1000/1000 Mbps | 990 บาท | เลือกบริการเสริม IP Phone หรือ NT NET PLAY |
| **NT Mesh Gigabit Fiber V.2 (Premium)** | 1000/300 Mbps | 790 บาท | รับสิทธิ์ยืมฟรี Mesh WiFi6 Router 2 ตัว |
| | 1000/500 Mbps | 990 บาท | เลือกบริการเสริม IP Phone หรือ NT NET PLAY |
| | 1000/1000 Mbps | 1090 บาท | เลือกบริการเสริม IP Phone หรือ NT NET PLAY |

**รายละเอียดเพิ่มเติม:**
*   **แพ็กเกจ Basic (สัญญา 12 เดือน):**
    *   **1000/300 Mbps (590 บาท/เดือน):** รับสิทธิ์ยืมฟรี WiFi6 Router 2 ตัว
    *   **1000/500 Mbps (790 บาท/เดือน):** เลือกรับบริการเสริม IP Phone 1 เลขหมาย (โทรประจำที่โครงข่าย NT ทั่วไทยฟรี 24 ชั่วโมง หรือ โทรนอกโครงข่ายและมือถือทุกโครงข่ายฟรี 420 บาท/เดือน) หรือ NT NET PLAY (เลือกกล่อง iptv หรือ C nema)
    *   **1000/1000 Mbps (990 บาท/เดือน):** เลือกรับบริการเสริม IP Phone 1 เลขหมาย (โทรประจำที่โครงข่าย NT ทั่วไทยฟรี 24 ชั่วโมง หรือ โทรนอกโครงข่ายและมือถือทุกโครงข่ายฟรี 700 บาท/เดือน) หรือ NT NET PLAY (เลือกกล่อง iptv หรือ C nema)

*   **แพ็กเกจ Premium (สัญญา 24 เดือน):**
    *   **1000/300 Mbps (790 บาท/เดือน):** รับสิทธิ์ยืมฟรี Mesh WiFi6 Router 2 ตัว
    *   **1000/500 Mbps (990 บาท/เดือน):** เลือกรับบริการเสริม IP Phone 1 เลขหมาย (โทรประจำที่โครงข่าย NT ทั่วไทยฟรี 24 ชั่วโมง หรือ โทรนอกโครงข่ายและมือถือทุกโครงข่ายฟรี 700 บาท/เดือน) หรือ NT NET PLAY (เลือกกล่อง iptv หรือ C nema)
    *   **1000/1000 Mbps (1090 บาท/เดือน):** เลือกรับบริการเสริม IP Phone 1 เลขหมาย (โทรประจำที่โครงข่าย NT ทั่วไทยฟรี 24 ชั่วโมง หรือ โทรนอกโครงข่ายและมือถือทุกโครงข่ายฟรี 700 บาท/เดือน) หรือ NT NET PLAY (เลือกกล่อง iptv หรือ C nema)

โปรโมชั่นนี้มีผลตั้งแต่วันนี้ - 30 พฤศจิกายน 2568 ครับ เงื่อนไขเป็นไปตามที่บริษัทกำหนด

หากสนใจรายละเอียดเพิ่มเติม หรือต้องการเปรียบเทียบกับโปรโมชั่นอื่นๆ สามารถสอบถามได้เลยนะครับ",29,2247,1,302,• ซิม my 700 MHz อินเทอร์เน็ต 10 Mbps (Unlimited)/ซิม nan nan nan nan nan,0.2621308958589177,[เน็ตบ้าน] New NT SME Plus Fixed IP.xlsx,0.0010894403269582481,0.022988505747126436,0.024032042723631464,0.5807491540908813
24,2026-01-16 12:46:50.978154,เน็ตตัวไหนที่มีคนใช้เยอะที่สุดหรอครับ,"ขออภัยครับ ผมไม่สามารถให้ข้อมูลเกี่ยวกับสถิติการใช้งานหรือแพ็กเกจที่ ""มีคนใช้เยอะที่สุด"" ได้ครับ เนื่องจากข้อมูลดังกล่าวไม่ใช่ข้อมูลเกี่ยวกับโปรโมชั่นอินเทอร์เน็ตที่ผมได้รับการฝึกฝนมาให้ตอบครับ

ผมสามารถให้ข้อมูลเกี่ยวกับรายละเอียดโปรโมชั่น ความเร็ว ราคา และเงื่อนไขต่างๆ ของแพ็กเกจอินเทอร์เน็ตของ NT ได้ครับ

หากคุณสนใจโปรโมชั่นเน็ตบ้านหรือเน็ตมือถือ สามารถสอบถามผมได้เลยนะครับ ผมยินดีให้ข้อมูลครับ",37,399,1,15,แพ็กเกจ (บาท/เดือน) โทรฟรีทุกเครือข่าย (นาที) โทรฟรีในเครือข่าย + เบอร์บ้าน อินเทอร์เน็ต (GB) ความเร็ว FUP (Mbps) โทรเฉลี่ย (บ./นาที) เน็ตเฉลี่ย (บ./MB),0.3296229274786255,[เน็ตมือถือ] NT Flexy Net (โปรโมชั่นรายเดือน).xlsx,0.006022667313076965,0.0,0.1478696741854637,0.6557311415672302
24,2026-01-16 12:47:22.368759,งั้นมีเน็ตตัวไหนที่ราคาไม่เกิน 600 บาทมั้งครับ,"แน่นอนครับ! NT มีโปรโมชั่น **NT Mesh Gigabit Fiber V.2** ที่มีราคาไม่เกิน 600 บาทต่อเดือนครับ

นี่คือรายละเอียดของแพ็กเกจที่อยู่ในช่วงราคาที่คุณต้องการครับ:

| ชื่อโปรโมชั่น | ความเร็ว (DL/UL) | ราคา (ต่อเดือน) | รายละเอียดเพิ่มเติม |
| :--- | :--- | :--- | :--- |
| **NT Mesh Gigabit Fiber V.2 (Basic)** | 1000/300 Mbps | 590 บาท | รับสิทธิ์ยืมฟรี WiFi6 Router 2 ตัว สัญญา 12 เดือน |

โปรโมชั่นนี้เหมาะสำหรับผู้ที่ต้องการเน็ตไฟเบอร์ความเร็วสูงในราคาที่คุ้มค่าครับ

หากคุณต้องการสอบถามโปรโมชั่นอื่นๆ หรือมีคำถามเพิ่มเติม สามารถแจ้งได้เลยนะครับ",46,543,3,59,สนทนาได้ไม่เกิน 60 นาที/ครั้ง nan nan nan,0.3387021173373257,[เน็ตมือถือ] Corporate Ultra Talk (โปรโมชั่นรายเดือน).xlsx,0.0,0.0,0.046040515653775316,0.5939920544624329
24,2026-01-16 12:48:04.364718,ใช้เว,ขออภัยครับ ผมสามารถให้ข้อมูลได้เฉพาะโปรโมชั่นอินเทอร์เน็ตของ NT เท่านั้นครับ,5,76,1,4,เว็บไซต์ www.ntmobile.in.th nan nan nan,0.3722673817520818,[เน็ตมือถือ] Corporate Ultra Talk (โปรโมชั่นรายเดือน).xlsx,0.0,0.0,0.03947368421052633,0.5957595705986023
24,2026-01-16 12:48:28.561823,ใช้เวลาติดตั้งนานมั้ยครับ ติดแล้วสามารถใช้งานได้ทันทีเลยมั้ย,ขออภัยครับ ผมสามารถให้ข้อมูลได้เฉพาะโปรโมชั่นและแพ็กเกจอินเทอร์เน็ตของ NT เท่านั้นครับ สำหรับข้อมูลเกี่ยวกับระยะเวลาการติดตั้งและขั้นตอนการใช้งานหลังติดตั้ง ผมแนะนำให้สอบถามกับ NT Contact Center 1888 หรือที่ศูนย์บริการ NT โดยตรง เพื่อรับข้อมูลที่ถูกต้องและแม่นยำที่สุดครับ,60,272,2,14,รับสิทธิ์ยืม ฟรี! 2 ตัว nan nan nan nan nan,0.1785180875246972,[เน็ตบ้าน] New NT SME Plus Fixed IP.xlsx,0.0,0.0,0.07352941176470584,0.5820930600166321
24,2026-01-16 12:49:18.491023,ถ้าจะยกเลิกเน็ตต้องทำยังไงบ้างครับ,"สำหรับการยกเลิกบริการอินเทอร์เน็ตของ NT ผมแนะนำให้คุณติดต่อ NT โดยตรงผ่านช่องทางต่อไปนี้ เพื่อสอบถามขั้นตอนและเอกสารที่จำเป็นสำหรับการยกเลิกบริการครับ:

📞 **NT Contact Center:** 1888 (24 ชั่วโมง)
🏢 **ศูนย์บริการ NT:** คุณสามารถค้นหาสาขาใกล้บ้านได้ที่ https://www.ntplc.co.th/servicecenter

การติดต่อโดยตรงจะช่วยให้คุณได้รับข้อมูลที่ถูกต้องและเป็นปัจจุบันที่สุดสำหรับสถานการณ์ของคุณครับ",34,385,1,19,สามารถใช้งานต่อเนื่องได้ถึง 30 มิถุนายน 2569 nan nan nan,0.4500257622128937,[เน็ตมือถือ] Corporate Ultra Talk (โปรโมชั่นรายเดือน).xlsx,0.0,0.0,0.07532467532467535,0.6411139369010925
